1.000000000000000 0.031410759078001 0.047106450709467 0.062790519528748 0.078459095727407 0.094108313318552 0.109734311091019 0.125333233563977 0.140901231937193 0.156434465039947 
0.985669648685044 0.031410759078001 0.047106450709468 0.062790519528748 0.078459095727407 0.094108313318552 0.109734311091019 0.125333233563977 0.140901231937108 0.156434465039402 
0.971216841384540 0.031410759078001 0.047106450709467 0.062790519528748 0.078459095727407 0.094108313318552 0.109734311091019 0.125333233563977 0.140901231937193 0.156434465039947 
0.956573309717139 0.031410759078001 0.047106450709468 0.062790519528748 0.078459095727407 0.094108313318552 0.109734311091019 0.125333233563977 0.140901231937143 0.156434465039402 
0.944629285166589 0.031410759078001 0.047106450709468 0.062790519528748 0.078459095727407 0.094108313318552 0.109734311091019 0.125333233563977 0.140901231937220 0.156434465039725 
0.933574070904555 0.031410759078001 0.047106450709468 0.062790519528748 0.078459095727407 0.094108313318552 0.109734311091019 0.125333233563977 0.140901231937147 0.156434465039402 
0.921611712293403 0.031410759078001 0.047106450709468 0.062790519528748 0.078459095727407 0.094108313318552 0.109734311091019 0.125333233563977 0.140901231937143 0.156434465039402 
0.910851856761629 0.031410759078001 0.047106450709467 0.062790519528748 0.078459095727407 0.094108313318552 0.109734311091019 0.125333233563977 0.140901231937072 0.156434465039402 
0.899214402053901 0.031410759078001 0.047106450709469 0.062790519528748 0.078459095727407 0.094108313318552 0.109734311091019 0.125333233563977 0.140901231937176 0.156434465039569 
0.887849356708373 0.031410759078001 0.047106450709467 0.062790519528748 0.078459095727407 0.094108313318552 0.109734311091019 0.125333233563977 0.140901231937207 0.156434465039808 
0.875876053617381 0.031410759078001 0.047106450709468 0.062790519528748 0.078459095727407 0.094108313318552 0.109734311091019 0.125333233563977 0.140901231937143 0.156434465039402 
0.864116303241634 0.031410759078001 0.047106450709485 0.062790519528748 0.078459095727407 0.094108313318552 0.109734311091019 0.125333233563977 0.140901231937143 0.156434465039402 
0.852930459144502 0.031410759078001 0.047106450709480 0.062790519528748 0.078459095727407 0.094108313318552 0.109734311091019 0.125333233563977 0.140901231937143 0.156434465039402 
0.841963977920241 0.031410759078001 0.047106450709464 0.062790519528748 0.078459095727407 0.094108313318552 0.109734311091019 0.125333233563977 0.140901231937324 0.156434465040164 
0.830117130683442 0.031410759078001 0.047106450709465 0.062790519528748 0.078459095727407 0.094108313318552 0.109734311091019 0.125333233563977 0.140901231937280 0.156434465040210 
0.817892727415294 0.031410759078001 0.047106450709469 0.062790519528748 0.078459095727407 0.094108313318552 0.109734311091019 0.125333233563977 0.140901231937230 0.156434465039936 
0.805680787856315 0.031410759078001 0.047106450709469 0.062790519528803 0.078459095727404 0.094108313318552 0.109734311091019 0.125333233563977 0.140901231937245 0.156434465040003 
0.793508167855400 0.031410759078001 0.047106450709546 0.062790519528748 0.078459095727407 0.094108313318552 0.109734311091019 0.125333233563977 0.140901231937143 0.156434465039402 
0.780127870310987 0.031410759078001 0.047106450709464 0.062790519528748 0.078459095727407 0.094108313318552 0.109734311091019 0.125333233563977 0.140901231937242 0.156434465040053 
0.767591524481453 0.031410759078001 0.047106450709468 0.062790519529184 0.078459095727407 0.094108313318552 0.109734311091019 0.125333233564218 0.140901231937134 0.156434465040024 
0.754895954311658 0.031410759078001 0.047106450709471 0.062790519528845 0.078459095727398 0.094108313318552 0.109734311091019 0.125333233563977 0.140901231937170 0.156434465039913 
0.743889630492008 0.031410759078001 0.047106450709468 0.062790519528748 0.078459095727407 0.094108313318552 0.109734311091019 0.125333233563977 0.140901231937314 0.156434465039872 
0.733020420259933 0.031410759078001 0.047106450709468 0.062790519528748 0.078459095727407 0.094108313318552 0.109734311091019 0.125333233563977 0.140901231937185 0.156434465039986 
0.722256234679031 0.031410759078001 0.047106450709468 0.062790519528748 0.078459095727407 0.094108313318552 0.109734311091019 0.125333233563977 0.140901231937137 0.156434465040107 
0.711378784497669 0.031410759078001 0.047106450709468 0.062790519528748 0.078459095727407 0.094108313318552 0.109734311091019 0.125333233563977 0.140901231937171 0.156434465039902 
0.700176651869023 0.031410759078001 0.047106450709468 0.062790519528748 0.078459095727407 0.094108313318552 0.109734311091019 0.125333233563977 0.140901231937046 0.156434465039402 
0.688022010817299 0.031410759078001 0.047106450709468 0.062790519528725 0.078459095727411 0.094108313318552 0.109734311091019 0.125333233563977 0.140901231937263 0.156434465039886 
0.676012007000877 0.031410759078008 0.047106450709470 0.062790519529084 0.078459095727400 0.094108313318552 0.109734311091019 0.125333233564136 0.140901231937079 0.156434465039929 
0.664306993335687 0.031410759078001 0.047106450709470 0.062790519528806 0.078459095727407 0.094108313318552 0.109734311091019 0.125333233563977 0.140901231937141 0.156434465039415 
0.652975437842747 0.031410759078001 0.047106450709470 0.062790519528795 0.078459095727407 0.094108313318552 0.109734311091019 0.125333233563977 0.140901231937189 0.156434465039906 
0.642051907266706 0.031410759078001 0.047106450709468 0.062790519528748 0.078459095727407 0.094108313318552 0.109734311091019 0.125333233563977 0.140901231937180 0.156434465039402 
0.631953700619857 0.031410759078000 0.047106450709466 0.062790519529019 0.078459095727413 0.094108313318552 0.109734311091019 0.125333233564187 0.140901231937157 0.156434465040038 
0.619229167775975 0.031410759078001 0.047106450709468 0.062790519528748 0.078459095727407 0.094108313318552 0.109734311091019 0.125333233563977 0.140901231937143 0.156434465039402 
0.607046736034737 0.031410759078000 0.047106450709466 0.062790519529022 0.078459095727414 0.094108313318552 0.109734311091019 0.125333233564192 0.140901231937156 0.156434465040041 
0.594870123740846 0.031410759078001 0.047106450709469 0.062790519528792 0.078459095727384 0.094108313318552 0.109734311091019 0.125333233563977 0.140901231937135 0.156434465039503 
0.583718626048041 0.031410759078001 0.047106450709468 0.062790519528748 0.078459095727407 0.094108313318552 0.109734311091019 0.125333233563977 0.140901231937111 0.156434465039930 
0.571923978902740 0.031410759078001 0.047106450709468 0.062790519528748 0.078459095727407 0.094108313318552 0.109734311091019 0.125333233563977 0.140901231937143 0.156434465039402 
0.560448367568835 0.031410759078001 0.047106450709475 0.062790519528953 0.078459095727388 0.094108313318552 0.109734311091019 0.125333233563977 0.140901231937153 0.156434465039858 
0.548006971660106 0.031410759078001 0.047106450709468 0.062790519529039 0.078459095727407 0.094108313318552 0.109734311091019 0.125333233564150 0.140901231937160 0.156434465040068 
0.535898384862250 0.031410759078001 0.047106450709468 0.062790519528799 0.078459095727407 0.094108313318552 0.109734311091019 0.125333233564008 0.140901231937142 0.156434465040210 
0.523331807866376 0.031410759078001 0.047106450709468 0.062790519528748 0.078459095727407 0.094108313318552 0.109734311091019 0.125333233563977 0.140901231937143 0.156434465039402 
0.511972635854222 0.031410759078001 0.047106450709468 0.062790519528748 0.078459095727407 0.094108313318552 0.109734311091019 0.125333233563977 0.140901231937143 0.156434465039402 
0.501513945110660 0.031410759078001 0.047106450709468 0.062790519528748 0.078459095727407 0.094108313318552 0.109734311091019 0.125333233563977 0.140901231937142 0.156434465040034 
0.490447660150463 0.031410759078001 0.047106450709468 0.062790519528748 0.078459095727407 0.094108313318552 0.109734311091019 0.125333233563977 0.140901231937143 0.156434465040172 
0.479122785040798 0.031410759078001 0.047106450709469 0.062790519529024 0.078459095727406 0.094108313318552 0.109734311091019 0.125333233564133 0.140901231937139 0.156434465039857 
0.468251021553010 0.031410759078001 0.047106450709468 0.062790519528748 0.078459095727806 0.094108313318552 0.109734311091019 0.125333233563977 0.140901231937143 0.156434465039491 
0.457387131309749 0.031410759078001 0.047106450709468 0.062790519528748 0.078459095727407 0.094108313318552 0.109734311091019 0.125333233563977 0.140901231937143 0.156434465039402 
0.446695999095564 0.031410759078001 0.047106450709468 0.062790519529151 0.078459095727407 0.094108313318552 0.109734311091019 0.125333233564217 0.140901231937104 0.156434465039945 
0.435327192666811 0.031410759078001 0.047106450709468 0.062790519528748 0.078459095727407 0.094108313318552 0.109734311091019 0.125333233563977 0.140901231937142 0.156434465040034 
0.423146360618049 0.031410759078001 0.047106450709468 0.062790519528748 0.078459095727522 0.094108313318552 0.109734311091019 0.125333233563977 0.140901231937143 0.156434465039939 
0.411137862980058 0.031410759078001 0.047106450709468 0.062790519528748 0.078459095727407 0.094108313318552 0.109734311091019 0.125333233563977 0.140901231937299 0.156434465040079 
0.399044041368210 0.031410759077996 0.047106450709468 0.062790519528943 0.078459095727407 0.094108313318552 0.109734311091019 0.125333233564094 0.140901231937182 0.156434465039762 
0.386228653264137 0.031410759078001 0.047106450709468 0.062790519529231 0.078459095727407 0.094108313318552 0.109734311091019 0.125333233564265 0.140901231937076 0.156434465039876 
0.373624583540786 0.031410759078005 0.047106450709468 0.062790519529002 0.078459095727407 0.094108313318552 0.109734311091019 0.125333233564128 0.140901231937151 0.156434465039790 
0.361375806660490 0.031410759078001 0.047106450709468 0.062790519529283 0.078459095727407 0.094108313318552 0.109734311091019 0.125333233564296 0.140901231937068 0.156434465039810 
0.349713122193875 0.031410759078001 0.047106450709468 0.062790519528748 0.078459095727407 0.094108313318552 0.109734311091019 0.125333233563977 0.140901231937340 0.156434465039704 
0.337321189744291 0.031410759078001 0.047106450709468 0.062790519529004 0.078459095727407 0.094108313318552 0.109734311091019 0.125333233564130 0.140901231937142 0.156434465039847 
0.325151057648074 0.031410759078001 0.047106450709468 0.062790519529004 0.078459095727407 0.094108313318552 0.109734311091019 0.125333233564130 0.140901231937142 0.156434465039847 
0.313021726714187 0.031410759078002 0.047106450709468 0.062790519529031 0.078459095727407 0.094108313318552 0.109734311091019 0.125333233564146 0.140901231937144 0.156434465039876 
0.301132901841943 0.031410759078001 0.047106450709468 0.062790519528748 0.078459095727407 0.094108313318552 0.109734311091019 0.125333233563977 0.140901231937143 0.156434465039655 
0.289200865438015 0.031410759078001 0.047106450709468 0.062790519528877 0.078459095727407 0.094108313318552 0.109734311091019 0.125333233564054 0.140901231937121 0.156434465039997 
0.278232756074656 0.031410759078001 0.047106450709468 0.062790519528748 0.078459095727407 0.094108313318552 0.109734311091019 0.125333233563977 0.140901231937141 0.156434465039988 
0.267438697464634 0.031410759078001 0.047106450709468 0.062790519528748 0.078459095727407 0.094108313318552 0.109734311091019 0.125333233563977 0.140901231937141 0.156434465040003 
0.256520975811027 0.031410759078001 0.047106450709468 0.062790519528748 0.078459095727407 0.094108313318552 0.109734311091019 0.125333233563977 0.140901231937141 0.156434465040030 
0.246446959150994 0.031410759078001 0.047106450709468 0.062790519528748 0.078459095727407 0.094108313318552 0.109734311091019 0.125333233563977 0.140901231937141 0.156434465040054 
0.236552791950765 0.031410759078001 0.047106450709468 0.062790519528748 0.078459095727407 0.094108313318552 0.109734311091019 0.125333233563977 0.140901231937143 0.156434465039402 
0.227832301582301 0.031410759078001 0.047106450709468 0.062790519528963 0.078459095727407 0.094108313318552 0.109734311091019 0.125333233564105 0.140901231937180 0.156434465039690 
0.219077167283622 0.031410759078001 0.047106450709469 0.062790519529043 0.078459095727405 0.094108313318552 0.109734311091019 0.125333233564155 0.140901231937132 0.156434465039887 
0.210371687784113 0.031410759078001 0.047106450709468 0.062790519529152 0.078459095727407 0.094108313318552 0.109734311091019 0.125333233564218 0.140901231937142 0.156434465039783 
0.201781050229535 0.031410759078001 0.047106450709468 0.062790519529206 0.078459095727407 0.094108313318552 0.109734311091019 0.125333233564250 0.140901231937142 0.156434465039743 
0.192768307849891 0.031410759078001 0.047106450709468 0.062790519528748 0.078459095727407 0.094108313318552 0.109734311091019 0.125333233563977 0.140901231937143 0.156434465039660 
0.184577718828546 0.031410759078001 0.047106450709468 0.062790519529112 0.078459095727407 0.094108313318552 0.109734311091019 0.125333233564194 0.140901231937144 0.156434465039774 
0.175732227704854 0.031410759078001 0.047106450709468 0.062790519528978 0.078459095727407 0.094108313318552 0.109734311091019 0.125333233564117 0.140901231937162 0.156434465039769 
0.166788372325507 0.031410759078001 0.047106450709468 0.062790519528748 0.078459095727407 0.094108313318552 0.109734311091019 0.125333233563977 0.140901231937140 0.156434465040174 
0.157620141855584 0.031410759078001 0.047106450709468 0.062790519528748 0.078459095727407 0.094108313318552 0.109734311091019 0.125333233563977 0.140901231937143 0.156434465039550 
0.148716188873167 0.031410759078001 0.047106450709468 0.062790519528893 0.078459095727407 0.094108313318552 0.109734311091019 0.125333233564064 0.140901231937141 0.156434465039926 
0.140195156145608 0.031410759078001 0.047106450709468 0.062790519529010 0.078459095727407 0.094108313318552 0.109734311091019 0.125333233564145 0.140901231937149 0.156434465039823 
0.132551976324534 0.031410759078001 0.047106450709468 0.062790519528748 0.078459095727407 0.094108313318552 0.109734311091019 0.125333233563977 0.140901231937143 0.156434465039402 
0.124378042951119 0.031410759078001 0.047106450709468 0.062790519529221 0.078459095727407 0.094108313318552 0.109734311091019 0.125333233564244 0.140901231937142 0.156434465039726 
0.115726561203232 0.031410759078001 0.047106450709468 0.062790519529201 0.078459095727407 0.094108313318552 0.109734311091019 0.125333233564249 0.140901231937142 0.156434465039749 
0.107434646054899 0.031410759078001 0.047106450709468 0.062790519529193 0.078459095727407 0.094108313318552 0.109734311091019 0.125333233564242 0.140901231937142 0.156434465039749 
0.098936796490369 0.031410759078001 0.047106450709468 0.062790519528963 0.078459095727407 0.094108313318552 0.109734311091019 0.125333233564104 0.140901231937148 0.156434465039843 
0.090478455335445 0.031410759077975 0.047106450709468 0.062790519528748 0.078459095727407 0.094108313318552 0.109734311091019 0.125333233563977 0.140901231937143 0.156434465039402 
0.082470218899499 0.031410759078001 0.047106450709468 0.062790519529248 0.078459095727407 0.094108313318552 0.109734311091019 0.125333233564275 0.140901231937143 0.156434465039726 
0.074454447827083 0.031410759078001 0.047106450709468 0.062790519528748 0.078459095727407 0.094108313318552 0.109734311091019 0.125333233563977 0.140901231937143 0.156434465039402 
0.066259785993511 0.031410759078001 0.047106450709468 0.062790519529254 0.078459095727407 0.094108313318552 0.109734311091019 0.125333233564278 0.140901231937143 0.156434465039726 
0.058699887357706 0.031410759078001 0.047106450709468 0.062790519528730 0.078459095727407 0.094108313318552 0.109734311091019 0.125333233564137 0.140901231937141 0.156434465039997 
0.051873760144162 0.031410759078001 0.047106450709468 0.062790519528748 0.078459095727407 0.094108313318552 0.109734311091019 0.125333233563977 0.140901231937143 0.156434465039531 
0.045757722188931 0.031410759078001 0.047106450709468 0.062790519529094 0.078459095727407 0.094108313318552 0.109734311091019 0.125333233564171 0.140901231937140 0.156434465039786 
0.039662687699258 0.031410759078001 0.047106450709468 0.062790519528748 0.078459095727407 0.094108313318552 0.109734311091019 0.125333233563977 0.140901231937143 0.156434465039402 
0.034487530634131 0.031410759078001 0.047106450709468 0.062790519528748 0.078459095727407 0.094108313318552 0.109734311091019 0.125333233563977 0.140901231937143 0.156434465039402 
0.029215354575661 0.031410759078001 0.047106450709468 0.062790519528748 0.078459095727407 0.094108313318552 0.109734311091019 0.125333233563977 0.140901231937143 0.156434465039402 
0.024202172386084 0.031410759078001 0.047106450709468 0.062790519528748 0.078459095727407 0.094108313318552 0.109734311091019 0.125333233563977 0.140901231937143 0.156434465040243 
0.019354793610751 0.031410759078001 0.047106450709468 0.062790519528748 0.078459095727407 0.094108313318552 0.109734311091019 0.125333233563977 0.140901231937143 0.156434465039402 
0.014958406056541 0.031410759078001 0.047106450709468 0.062790519528990 0.078459095727407 0.094108313318552 0.109734311091019 0.125333233564138 0.140901231937151 0.156434465039830 
0.011244011749540 0.031410759078001 0.047106450709468 0.062790519528748 0.078459095727407 0.094108313318552 0.109734311091019 0.125333233563977 0.140901231937143 0.156434465039402 
0.008190241759770 0.031410759078001 0.047106450709468 0.062790519528748 0.078459095727407 0.094108313318552 0.109734311091019 0.125333233563977 0.140901231937142 0.156434465039731 
0.005350432852415 0.031410759078001 0.047106450709468 0.062790519529158 0.078459095727407 0.094108313318552 0.109734311091019 0.125333233564205 0.140901231937123 0.156434465039706 
0.003503674015310 0.031410759078001 0.047106450709468 0.062790519528748 0.078459095727407 0.094108313318552 0.109734311091019 0.125333233563977 0.140901231937143 0.156434465039618 
0.000000000000000 0.031410759078001 0.047106450709468 0.062790519529366 0.078459095727407 0.094108313318552 0.109734311091019 0.125333233564345 0.140901231937143 0.156434465039630 
