1.000000000000000 0.031410759078000 0.047106450709468 0.062790519529010 0.078459095727390 0.094108313318552 0.109734311091019 0.125333233564134 0.140901231937167 0.156434465039786 
0.985669648685044 0.031410759078001 0.047106450709468 0.062790519528748 0.078459095727407 0.094108313318552 0.109734311091019 0.125333233563977 0.140901231937108 0.156434465039402 
0.971216841384540 0.031410759078001 0.047106450709467 0.062790519528748 0.078459095727407 0.094108313318552 0.109734311091019 0.125333233563977 0.140901231937193 0.156434465039947 
0.957019791624478 0.031410759078001 0.047106450709468 0.062790519529179 0.078459095727409 0.094108313318552 0.109734311091019 0.125333233564248 0.140901231937124 0.156434465040139 
0.943319848730743 0.031410759078001 0.047106450709468 0.062790519529210 0.078459095727408 0.094108313318552 0.109734311091019 0.125333233564250 0.140901231937118 0.156434465040018 
0.930253755037144 0.031410759078000 0.047106450709468 0.062790519528973 0.078459095727397 0.094108313318552 0.109734311091019 0.125333233564112 0.140901231937174 0.156434465039689 
0.917723709768288 0.031410759078001 0.047106450709468 0.062790519529153 0.078459095727408 0.094108313318552 0.109734311091019 0.125333233564226 0.140901231937129 0.156434465040088 
0.903296695497668 0.031410759078000 0.047106450709468 0.062790519528963 0.078459095727397 0.094108313318552 0.109734311091019 0.125333233564106 0.140901231937178 0.156434465039702 
0.889824597648751 0.031410759078000 0.047106450709468 0.062790519528970 0.078459095727397 0.094108313318552 0.109734311091019 0.125333233564109 0.140901231937177 0.156434465039703 
0.875876751614666 0.031410759078001 0.047106450709468 0.062790519528989 0.078459095727398 0.094108313318552 0.109734311091019 0.125333233564119 0.140901231937171 0.156434465039714 
0.862256325236728 0.031410759078000 0.047106450709468 0.062790519528970 0.078459095727397 0.094108313318552 0.109734311091019 0.125333233564109 0.140901231937177 0.156434465039703 
0.848051335105623 0.031410759078000 0.047106450709468 0.062790519528970 0.078459095727915 0.094108313318552 0.109734311091019 0.125333233564109 0.140901231937177 0.156434465039703 
0.833480966804740 0.031410759078000 0.047106450709468 0.062790519528995 0.078459095727393 0.094108313318552 0.109734311091019 0.125333233564121 0.140901231937175 0.156434465039757 
0.818308742048853 0.031410759078000 0.047106450709468 0.062790519529010 0.078459095727393 0.094108313318552 0.109734311091019 0.125333233564130 0.140901231937163 0.156434465039771 
0.805213664482567 0.031410759078004 0.047106450709468 0.062790519529244 0.078459095727407 0.094108313318552 0.109734311091019 0.125333233564263 0.140901231937086 0.156434465039957 
0.792931487720406 0.031410759078001 0.047106450709468 0.062790519529230 0.078459095727408 0.094108313318552 0.109734311091019 0.125333233564244 0.140901231937124 0.156434465040008 
0.780127870310987 0.031410759078001 0.047106450709464 0.062790519528748 0.078459095727407 0.094108313318552 0.109734311091019 0.125333233563977 0.140901231937242 0.156434465040053 
0.767843356858950 0.031410759078001 0.047106450709468 0.062790519529050 0.078459095727401 0.094108313318552 0.109734311091019 0.125333233564157 0.140901231937149 0.156434465039777 
0.757196237839573 0.031410759078000 0.047106450709468 0.062790519528982 0.078459095727397 0.094108313318552 0.109734311091019 0.125333233564116 0.140901231937173 0.156434465039712 
0.746558632351824 0.031410759078000 0.047106450709468 0.062790519529010 0.078459095727393 0.094108313318552 0.109734311091019 0.125333233564130 0.140901231937163 0.156434465039771 
0.735584025003246 0.031410759078001 0.047106450709468 0.062790519529015 0.078459095727402 0.094108313318552 0.109734311091019 0.125333233564143 0.140901231937158 0.156434465039753 
0.722987411846809 0.031410759078003 0.047106450709468 0.062790519529111 0.078459095727399 0.094108313318552 0.109734311091019 0.125333233564190 0.140901231937140 0.156434465039893 
0.711378784497669 0.031410759078001 0.047106450709468 0.062790519528748 0.078459095727407 0.094108313318552 0.109734311091019 0.125333233563977 0.140901231937171 0.156434465039902 
0.699655760821085 0.031410759078001 0.047106450709468 0.062790519529084 0.078459095727407 0.094108313318552 0.109734311091019 0.125333233564177 0.140901231937142 0.156434465039869 
0.688022010817299 0.031410759078001 0.047106450709468 0.062790519528725 0.078459095727411 0.094108313318552 0.109734311091019 0.125333233563977 0.140901231937263 0.156434465039886 
0.676030697256576 0.031410759078002 0.047106450709468 0.062790519529096 0.078459095727399 0.094108313318552 0.109734311091019 0.125333233564184 0.140901231937133 0.156434465039754 
0.664306993335687 0.031410759078001 0.047106450709470 0.062790519528806 0.078459095727407 0.094108313318552 0.109734311091019 0.125333233563977 0.140901231937141 0.156434465039415 
0.652975437842747 0.031410759078001 0.047106450709470 0.062790519528795 0.078459095727407 0.094108313318552 0.109734311091019 0.125333233563977 0.140901231937189 0.156434465039906 
0.642090426311103 0.031410759078000 0.047106450709468 0.062790519529024 0.078459095727394 0.094108313318552 0.109734311091019 0.125333233564140 0.140901231937158 0.156434465039784 
0.630633231659617 0.031410759078001 0.047106450709468 0.062790519529079 0.078459095727376 0.094108313318552 0.109734311091019 0.125333233564171 0.140901231937157 0.156434465039803 
0.619229167775975 0.031410759078001 0.047106450709468 0.062790519528748 0.078459095727407 0.094108313318552 0.109734311091019 0.125333233563977 0.140901231937143 0.156434465039402 
0.607414138840717 0.031410759078000 0.047106450709468 0.062790519529080 0.078459095727406 0.094108313318552 0.109734311091019 0.125333233564181 0.140901231937147 0.156434465039783 
0.595448031127185 0.031410759078001 0.047106450709469 0.062790519529097 0.078459095727406 0.094108313318552 0.109734311091019 0.125333233564191 0.140901231937135 0.156434465039922 
0.583718626048041 0.031410759078001 0.047106450709468 0.062790519528748 0.078459095727407 0.094108313318552 0.109734311091019 0.125333233563977 0.140901231937111 0.156434465039930 
0.572046625837240 0.031410759078001 0.047106450709474 0.062790519529080 0.078459095727390 0.094108313318552 0.109734311091019 0.125333233564069 0.140901231937107 0.156434465039827 
0.560112518858037 0.031410759078001 0.047106450709468 0.062790519529033 0.078459095727399 0.094108313318552 0.109734311091019 0.125333233564150 0.140901231937152 0.156434465039784 
0.548006971660106 0.031410759078001 0.047106450709468 0.062790519529039 0.078459095727407 0.094108313318552 0.109734311091019 0.125333233564150 0.140901231937160 0.156434465040068 
0.535498004373957 0.031410759078001 0.047106450709468 0.062790519529037 0.078459095727400 0.094108313318552 0.109734311091019 0.125333233564148 0.140901231937160 0.156434465039817 
0.523436024981891 0.031410759078000 0.047106450709468 0.062790519528981 0.078459095727397 0.094108313318552 0.109734311091019 0.125333233564115 0.140901231937171 0.156434465039733 
0.512718371918417 0.031410759078000 0.047106450709468 0.062790519529010 0.078459095727393 0.094108313318552 0.109734311091019 0.125333233564130 0.140901231937163 0.156434465039771 
0.501513945110660 0.031410759078001 0.047106450709468 0.062790519528748 0.078459095727407 0.094108313318552 0.109734311091019 0.125333233563977 0.140901231937142 0.156434465040034 
0.490447660150463 0.031410759078001 0.047106450709468 0.062790519528748 0.078459095727407 0.094108313318552 0.109734311091019 0.125333233563977 0.140901231937143 0.156434465040172 
0.479122785040798 0.031410759078001 0.047106450709469 0.062790519529024 0.078459095727406 0.094108313318552 0.109734311091019 0.125333233564133 0.140901231937139 0.156434465039857 
0.468220015521153 0.031410759078000 0.047106450709468 0.062790519528992 0.078459095727396 0.094108313318552 0.109734311091019 0.125333233564121 0.140901231937168 0.156434465039749 
0.457387131309749 0.031410759078001 0.047106450709468 0.062790519528748 0.078459095727407 0.094108313318552 0.109734311091019 0.125333233563977 0.140901231937143 0.156434465039402 
0.446013969847278 0.031410759078001 0.047106450709468 0.062790519528975 0.078459095727398 0.094108313318552 0.109734311091019 0.125333233564111 0.140901231937173 0.156434465039723 
0.434364235777946 0.031410759077999 0.047106450709468 0.062790519529032 0.078459095727403 0.094108313318552 0.109734311091019 0.125333233564145 0.140901231937171 0.156434465039722 
0.422632427950005 0.031410759077998 0.047106450709468 0.062790519529035 0.078459095727405 0.094108313318552 0.109734311091019 0.125333233564146 0.140901231937172 0.156434465039713 
0.410580155235990 0.031410759077997 0.047106450709468 0.062790519529096 0.078459095727409 0.094108313318552 0.109734311091019 0.125333233564182 0.140901231937168 0.156434465039722 
0.398529306084425 0.031410759078002 0.047106450709468 0.062790519529020 0.078459095727334 0.094108313318552 0.109734311091019 0.125333233564134 0.140901231937160 0.156434465039802 
0.386228653264137 0.031410759078001 0.047106450709468 0.062790519529231 0.078459095727407 0.094108313318552 0.109734311091019 0.125333233564265 0.140901231937076 0.156434465039876 
0.375096011507979 0.031410759077998 0.047106450709471 0.062790519529090 0.078459095727415 0.094108313318552 0.109734311091019 0.125333233564179 0.140901231937187 0.156434465039726 
0.364349963054119 0.031410759078001 0.047106450709473 0.062790519529008 0.078459095727406 0.094108313318552 0.109734311091019 0.125333233564132 0.140901231937200 0.156434465039733 
0.353608604932328 0.031410759078001 0.047106450709473 0.062790519529006 0.078459095727406 0.094108313318552 0.109734311091019 0.125333233564131 0.140901231937202 0.156434465039734 
0.343417409741402 0.031410759077998 0.047106450709474 0.062790519529072 0.078459095727412 0.094108313318552 0.109734311091019 0.125333233564168 0.140901231937168 0.156434465039731 
0.333337588335445 0.031410759077998 0.047106450709474 0.062790519529073 0.078459095727413 0.094108313318552 0.109734311091019 0.125333233564169 0.140901231937167 0.156434465039729 
0.323177987961460 0.031410759078001 0.047106450709468 0.062790519529058 0.078459095727395 0.094108313318552 0.109734311091019 0.125333233564159 0.140901231937181 0.156434465039771 
0.312701695620668 0.031410759078004 0.047106450709468 0.062790519529023 0.078459095727381 0.094108313318552 0.109734311091019 0.125333233564140 0.140901231937194 0.156434465039821 
0.301132901841943 0.031410759078001 0.047106450709468 0.062790519528748 0.078459095727407 0.094108313318552 0.109734311091019 0.125333233563977 0.140901231937143 0.156434465039655 
0.289397321925979 0.031410759077998 0.047106450709472 0.062790519529079 0.078459095727412 0.094108313318552 0.109734311091019 0.125333233564172 0.140901231937168 0.156434465039732 
0.278320921778623 0.031410759077998 0.047106450709474 0.062790519529071 0.078459095727413 0.094108313318552 0.109734311091019 0.125333233564168 0.140901231937168 0.156434465039729 
0.267662550622882 0.031410759077997 0.047106450709473 0.062790519529081 0.078459095727413 0.094108313318552 0.109734311091019 0.125333233564173 0.140901231937167 0.156434465039728 
0.257266901385580 0.031410759077998 0.047106450709475 0.062790519529064 0.078459095727414 0.094108313318552 0.109734311091019 0.125333233564164 0.140901231937167 0.156434465039731 
0.247208813738894 0.031410759078004 0.047106450709468 0.062790519529023 0.078459095727385 0.094108313318552 0.109734311091019 0.125333233564140 0.140901231937153 0.156434465039831 
0.237511683184138 0.031410759078005 0.047106450709468 0.062790519529026 0.078459095727399 0.094108313318552 0.109734311091019 0.125333233564142 0.140901231937149 0.156434465039846 
0.227832301582301 0.031410759078001 0.047106450709468 0.062790519528963 0.078459095727407 0.094108313318552 0.109734311091019 0.125333233564105 0.140901231937180 0.156434465039690 
0.219077167283622 0.031410759078001 0.047106450709469 0.062790519529043 0.078459095727405 0.094108313318552 0.109734311091019 0.125333233564155 0.140901231937132 0.156434465039887 
0.210371687784113 0.031410759078001 0.047106450709468 0.062790519529152 0.078459095727407 0.094108313318552 0.109734311091019 0.125333233564218 0.140901231937142 0.156434465039783 
0.201781050229535 0.031410759078001 0.047106450709468 0.062790519529206 0.078459095727407 0.094108313318552 0.109734311091019 0.125333233564250 0.140901231937142 0.156434465039743 
0.193169567169732 0.031410759078006 0.047106450709468 0.062790519529052 0.078459095727376 0.094108313318552 0.109734311091019 0.125333233564155 0.140901231937143 0.156434465039882 
0.184397300401107 0.031410759078004 0.047106450709468 0.062790519529031 0.078459095727385 0.094108313318552 0.109734311091019 0.125333233564144 0.140901231937153 0.156434465039830 
0.175732227704854 0.031410759078001 0.047106450709468 0.062790519528978 0.078459095727407 0.094108313318552 0.109734311091019 0.125333233564117 0.140901231937162 0.156434465039769 
0.166788372325507 0.031410759078001 0.047106450709468 0.062790519528748 0.078459095727407 0.094108313318552 0.109734311091019 0.125333233563977 0.140901231937140 0.156434465040174 
0.157620141855584 0.031410759078001 0.047106450709468 0.062790519528748 0.078459095727407 0.094108313318552 0.109734311091019 0.125333233563977 0.140901231937143 0.156434465039550 
0.148716188873167 0.031410759078001 0.047106450709468 0.062790519528893 0.078459095727407 0.094108313318552 0.109734311091019 0.125333233564064 0.140901231937141 0.156434465039926 
0.140156869184574 0.031410759078007 0.047106450709468 0.062790519529018 0.078459095727421 0.094108313318552 0.109734311091019 0.125333233564138 0.140901231937142 0.156434465039879 
0.131459505288761 0.031410759077997 0.047106450709471 0.062790519529098 0.078459095727417 0.094108313318552 0.109734311091019 0.125333233564183 0.140901231937164 0.156434465039726 
0.123369977202650 0.031410759077999 0.047106450709470 0.062790519529039 0.078459095727405 0.094108313318552 0.109734311091019 0.125333233564148 0.140901231937377 0.156434465039738 
0.115360476688469 0.031410759078009 0.047106450709468 0.062790519529009 0.078459095727437 0.094108313318552 0.109734311091019 0.125333233564134 0.140901231937136 0.156434465039910 
0.106605354614915 0.031410759077998 0.047106450709474 0.062790519529082 0.078459095727425 0.094108313318552 0.109734311091019 0.125333233564174 0.140901231937165 0.156434465039748 
0.098770140646331 0.031410759078006 0.047106450709468 0.062790519528990 0.078459095727414 0.094108313318552 0.109734311091019 0.125333233564121 0.140901231937151 0.156434465039844 
0.090478455335445 0.031410759077975 0.047106450709468 0.062790519528748 0.078459095727407 0.094108313318552 0.109734311091019 0.125333233563977 0.140901231937143 0.156434465039402 
0.082430363417780 0.031410759078001 0.047106450709468 0.062790519528973 0.078459095727411 0.094108313318552 0.109734311091019 0.125333233564113 0.140901231937166 0.156434465039747 
0.074428580292262 0.031410759077999 0.047106450709468 0.062790519528936 0.078459095727428 0.094108313318552 0.109734311091019 0.125333233564095 0.140901231937170 0.156434465039719 
0.066521772904434 0.031410759078006 0.047106450709468 0.062790519529011 0.078459095727408 0.094108313318552 0.109734311091019 0.125333233564133 0.140901231937147 0.156434465039860 
0.059065127578574 0.031410759077999 0.047106450709472 0.062790519529086 0.078459095727428 0.094108313318552 0.109734311091019 0.125333233564176 0.140901231937159 0.156434465039763 
0.052656277257473 0.031410759077999 0.047106450709473 0.062790519529088 0.078459095727428 0.094108313318552 0.109734311091019 0.125333233564178 0.140901231937161 0.156434465039758 
0.045908095849159 0.031410759078007 0.047106450709468 0.062790519529110 0.078459095727411 0.094108313318552 0.109734311091019 0.125333233564181 0.140901231937133 0.156434465039892 
0.039928036764300 0.031410759078009 0.047106450709468 0.062790519529071 0.078459095727409 0.094108313318552 0.109734311091019 0.125333233564157 0.140901231937139 0.156434465039855 
0.034487530634131 0.031410759078001 0.047106450709468 0.062790519528748 0.078459095727407 0.094108313318552 0.109734311091019 0.125333233563977 0.140901231937143 0.156434465039402 
0.029215354575661 0.031410759078001 0.047106450709468 0.062790519528748 0.078459095727407 0.094108313318552 0.109734311091019 0.125333233563977 0.140901231937143 0.156434465039402 
0.024202172386084 0.031410759078001 0.047106450709468 0.062790519528748 0.078459095727407 0.094108313318552 0.109734311091019 0.125333233563977 0.140901231937143 0.156434465040243 
0.019354793610751 0.031410759078001 0.047106450709468 0.062790519528748 0.078459095727407 0.094108313318552 0.109734311091019 0.125333233563977 0.140901231937143 0.156434465039402 
0.015111087316139 0.031410759078006 0.047106450709469 0.062790519529053 0.078459095727450 0.094108313318552 0.109734311091019 0.125333233564159 0.140901231937143 0.156434465039855 
0.011244011749540 0.031410759078001 0.047106450709468 0.062790519528748 0.078459095727407 0.094108313318552 0.109734311091019 0.125333233563977 0.140901231937143 0.156434465039402 
0.007475869148402 0.031410759078006 0.047106450709469 0.062790519529053 0.078459095727450 0.094108313318552 0.109734311091019 0.125333233564159 0.140901231937142 0.156434465039856 
0.004877350134412 0.031410759078008 0.047106450709468 0.062790519529026 0.078459095727441 0.094108313318552 0.109734311091019 0.125333233564143 0.140901231937140 0.156434465039879 
0.001580574493384 0.031410759078007 0.047106450709468 0.062790519529079 0.078459095727392 0.094108313318552 0.109734311091019 0.125333233564168 0.140901231937135 0.156434465039905 
0.000000000000000 0.031410759078002 0.047106450709468 0.062790519529071 0.078459095727399 0.094108313318552 0.109734311091019 0.125333233564161 0.140901231937161 0.156434465039757 
0.000000000000000 0.031410759077997 0.047106450709470 0.062790519529100 0.078459095727414 0.094108313318552 0.109734311091019 0.125333233564183 0.133295213427913 0.156434465039726 
