1.000000000000000 0.031410759078026 0.047106450709486 0.062790519529129 0.078459095727662 0.094108313318552 0.109734311091019 0.125333233563969 0.140901231937348 0.156434465039751 
0.985669648685044 0.031410759078001 0.047106450709468 0.062790519528748 0.078459095727407 0.094108313318552 0.109734311091019 0.125333233563977 0.140901231937108 0.156434465039402 
0.971216841384540 0.031410759078001 0.047106450709467 0.062790519528748 0.078459095727407 0.094108313318552 0.109734311091019 0.125333233563977 0.140901231937193 0.156434465039947 
0.957269166145561 0.031410759078069 0.047106450709470 0.062790519529048 0.078459095727407 0.094108313318552 0.109734311091019 0.125333233564153 0.140901231937214 0.156434465039731 
0.943710897811482 0.031410759078022 0.047106450709471 0.062790519529112 0.078459095727840 0.094108313318552 0.109734311091019 0.125333233564120 0.140901231937314 0.156434465040067 
0.930253755037144 0.031410759078000 0.047106450709468 0.062790519528973 0.078459095727397 0.094108313318552 0.109734311091019 0.125333233564112 0.140901231937174 0.156434465039689 
0.916665030914694 0.031410759078035 0.047106450709468 0.062790519529153 0.078459095727825 0.094108313318552 0.109734311091019 0.125333233564127 0.140901231937286 0.156434465039929 
0.903289889988572 0.031410759078012 0.047106450709469 0.062790519529090 0.078459095727944 0.094108313318552 0.109734311091019 0.125333233564115 0.140901231937305 0.156434465040008 
0.889824597648751 0.031410759078000 0.047106450709468 0.062790519528970 0.078459095727397 0.094108313318552 0.109734311091019 0.125333233564109 0.140901231937177 0.156434465039703 
0.875876751614666 0.031410759078001 0.047106450709468 0.062790519528989 0.078459095727398 0.094108313318552 0.109734311091019 0.125333233564119 0.140901231937171 0.156434465039714 
0.861792425341762 0.031410759078000 0.047106450709470 0.062790519529049 0.078459095727401 0.094108313318552 0.109734311091019 0.125333233564156 0.140901231937159 0.156434465039773 
0.847488945063425 0.031410759078000 0.047106450709470 0.062790519529050 0.078459095727401 0.094108313318552 0.109734311091019 0.125333233564157 0.140901231937159 0.156434465039773 
0.833699811253725 0.031410759078031 0.047106450709469 0.062790519529031 0.078459095727402 0.094108313318552 0.109734311091019 0.125333233564143 0.140901231937190 0.156434465039744 
0.820018109939035 0.031410759078010 0.047106450709469 0.062790519529001 0.078459095727672 0.094108313318552 0.109734311091019 0.125333233564118 0.140901231937214 0.156434465039989 
0.806951939552803 0.031410759078016 0.047106450709469 0.062790519529105 0.078459095727943 0.094108313318552 0.109734311091019 0.125333233564117 0.140901231937315 0.156434465039929 
0.793858760033533 0.031410759078016 0.047106450709469 0.062790519529099 0.078459095727914 0.094108313318552 0.109734311091019 0.125333233564116 0.140901231937308 0.156434465039967 
0.781331743175692 0.031410759078015 0.047106450709469 0.062790519529092 0.078459095727886 0.094108313318552 0.109734311091019 0.125333233564117 0.140901231937304 0.156434465039946 
0.769142376110687 0.031410759078012 0.047106450709469 0.062790519529083 0.078459095727938 0.094108313318552 0.109734311091019 0.125333233564114 0.140901231937297 0.156434465039911 
0.757893113074120 0.031410759078036 0.047106450709475 0.062790519529151 0.078459095727723 0.094108313318552 0.109734311091019 0.125333233564126 0.140901231937335 0.156434465040027 
0.746611217727268 0.031410759078017 0.047106450709469 0.062790519529107 0.078459095727928 0.094108313318552 0.109734311091019 0.125333233564116 0.140901231937316 0.156434465039900 
0.735584025003246 0.031410759078001 0.047106450709468 0.062790519529015 0.078459095727402 0.094108313318552 0.109734311091019 0.125333233564143 0.140901231937158 0.156434465039753 
0.723668402344013 0.031410759078016 0.047106450709468 0.062790519528982 0.078459095727397 0.094108313318552 0.109734311091019 0.125333233564107 0.140901231937200 0.156434465039701 
0.711621338393004 0.031410759078005 0.047106450709469 0.062790519529044 0.078459095727841 0.094108313318552 0.109734311091019 0.125333233564115 0.140901231937270 0.156434465040037 
0.699655760821085 0.031410759078001 0.047106450709468 0.062790519529084 0.078459095727407 0.094108313318552 0.109734311091019 0.125333233564177 0.140901231937142 0.156434465039869 
0.687725909651174 0.031410759078022 0.047106450709469 0.062790519529120 0.078459095727902 0.094108313318552 0.109734311091019 0.125333233564118 0.140901231937324 0.156434465039878 
0.676030697256576 0.031410759078002 0.047106450709468 0.062790519529096 0.078459095727399 0.094108313318552 0.109734311091019 0.125333233564184 0.140901231937133 0.156434465039754 
0.664522440892924 0.031410759078014 0.047106450709469 0.062790519529000 0.078459095727642 0.094108313318552 0.109734311091019 0.125333233564117 0.140901231937211 0.156434465039922 
0.653120920416365 0.031410759078022 0.047106450709469 0.062790519529123 0.078459095727905 0.094108313318552 0.109734311091019 0.125333233564118 0.140901231937327 0.156434465039876 
0.641718912328638 0.031410759078031 0.047106450709469 0.062790519529111 0.078459095727722 0.094108313318552 0.109734311091019 0.125333233564125 0.140901231937282 0.156434465040255 
0.630507742894213 0.031410759078041 0.047106450709469 0.062790519529021 0.078459095727402 0.094108313318552 0.109734311091019 0.125333233564126 0.140901231937202 0.156434465039773 
0.618705113791022 0.031410759078040 0.047106450709469 0.062790519529039 0.078459095727402 0.094108313318552 0.109734311091019 0.125333233564127 0.140901231937198 0.156434465039710 
0.607052707360084 0.031410759078015 0.047106450709469 0.062790519529117 0.078459095728001 0.094108313318552 0.109734311091019 0.125333233564114 0.140901231937330 0.156434465039891 
0.595448031127185 0.031410759078001 0.047106450709469 0.062790519529097 0.078459095727406 0.094108313318552 0.109734311091019 0.125333233564191 0.140901231937135 0.156434465039922 
0.583718626048041 0.031410759078001 0.047106450709468 0.062790519528748 0.078459095727407 0.094108313318552 0.109734311091019 0.125333233563977 0.140901231937111 0.156434465039930 
0.571654879427444 0.031410759078005 0.047106450709468 0.062790519528983 0.078459095727396 0.094108313318552 0.109734311091019 0.125333233564108 0.140901231937192 0.156434465039703 
0.559855779925197 0.031410759078083 0.047106450709470 0.062790519529047 0.078459095727408 0.094108313318552 0.109734311091019 0.125333233564152 0.140901231937224 0.156434465039726 
0.547694496759089 0.031410759078034 0.047106450709469 0.062790519529011 0.078459095727401 0.094108313318552 0.109734311091019 0.125333233564127 0.140901231937198 0.156434465039709 
0.535498004373957 0.031410759078001 0.047106450709468 0.062790519529037 0.078459095727400 0.094108313318552 0.109734311091019 0.125333233564148 0.140901231937160 0.156434465039817 
0.523806532818963 0.031410759077999 0.047106450709469 0.062790519529000 0.078459095727398 0.094108313318552 0.109734311091019 0.125333233564121 0.140901231937182 0.156434465039719 
0.512597227391796 0.031410759078029 0.047106450709471 0.062790519529124 0.078459095727784 0.094108313318552 0.109734311091019 0.125333233564122 0.140901231937318 0.156434465040032 
0.501513945110660 0.031410759078001 0.047106450709468 0.062790519528748 0.078459095727407 0.094108313318552 0.109734311091019 0.125333233563977 0.140901231937142 0.156434465040034 
0.490447660150463 0.031410759078001 0.047106450709468 0.062790519528748 0.078459095727407 0.094108313318552 0.109734311091019 0.125333233563977 0.140901231937143 0.156434465040172 
0.479370285205689 0.031410759078041 0.047106450709469 0.062790519529031 0.078459095727404 0.094108313318552 0.109734311091019 0.125333233564134 0.140901231937230 0.156434465040341 
0.468211273280041 0.031410759078030 0.047106450709469 0.062790519529034 0.078459095727404 0.094108313318552 0.109734311091019 0.125333233564134 0.140901231937181 0.156434465039712 
0.457072205365718 0.031410759078049 0.047106450709471 0.062790519529054 0.078459095727410 0.094108313318552 0.109734311091019 0.125333233564155 0.140901231937206 0.156434465039715 
0.445708233409110 0.031410759078031 0.047106450709472 0.062790519529137 0.078459095727721 0.094108313318552 0.109734311091019 0.125333233564126 0.140901231937330 0.156434465040004 
0.434120490558316 0.031410759078028 0.047106450709472 0.062790519529128 0.078459095727805 0.094108313318552 0.109734311091019 0.125333233564121 0.140901231937322 0.156434465040079 
0.422433879019557 0.031410759078047 0.047106450709469 0.062790519529047 0.078459095727402 0.094108313318552 0.109734311091019 0.125333233564131 0.140901231937146 0.156434465039712 
0.410580155235990 0.031410759077997 0.047106450709468 0.062790519529096 0.078459095727409 0.094108313318552 0.109734311091019 0.125333233564182 0.140901231937168 0.156434465039722 
0.398855285277493 0.031410759078028 0.047106450709478 0.062790519529143 0.078459095727764 0.094108313318552 0.109734311091019 0.125333233564125 0.140901231937342 0.156434465039997 
0.387087872039008 0.031410759078017 0.047106450709469 0.062790519529020 0.078459095727402 0.094108313318552 0.109734311091019 0.125333233564128 0.140901231937234 0.156434465039716 
0.375759218026580 0.031410759078042 0.047106450709471 0.062790519529159 0.078459095727676 0.094108313318552 0.109734311091019 0.125333233564129 0.140901231937333 0.156434465039903 
0.364665961434133 0.031410759078031 0.047106450709477 0.062790519529145 0.078459095727757 0.094108313318552 0.109734311091019 0.125333233564125 0.140901231937340 0.156434465040016 
0.354064891586948 0.031410759077999 0.047106450709469 0.062790519529089 0.078459095727405 0.094108313318552 0.109734311091019 0.125333233564148 0.140901231937274 0.156434465039728 
0.343402452727283 0.031410759078030 0.047106450709475 0.062790519529141 0.078459095727766 0.094108313318552 0.109734311091019 0.125333233564124 0.140901231937335 0.156434465040008 
0.332786838146200 0.031410759078043 0.047106450709469 0.062790519529203 0.078459095727812 0.094108313318552 0.109734311091019 0.125333233564129 0.140901231937342 0.156434465039884 
0.322030734444760 0.031410759078030 0.047106450709476 0.062790519529141 0.078459095727766 0.094108313318552 0.109734311091019 0.125333233564125 0.140901231937335 0.156434465040009 
0.311500471527673 0.031410759078026 0.047106450709481 0.062790519529139 0.078459095727704 0.094108313318552 0.109734311091019 0.125333233564128 0.140901231937351 0.156434465039877 
0.300455428260883 0.031410759078032 0.047106450709480 0.062790519529147 0.078459095727725 0.094108313318552 0.109734311091019 0.125333233564074 0.140901231937342 0.156434465039941 
0.289551106226732 0.031410759078029 0.047106450709474 0.062790519529148 0.078459095727722 0.094108313318552 0.109734311091019 0.125333233564129 0.140901231937350 0.156434465039767 
0.278759005883983 0.031410759078031 0.047106450709480 0.062790519529146 0.078459095727724 0.094108313318552 0.109734311091019 0.125333233564068 0.140901231937342 0.156434465039943 
0.268115055095476 0.031410759078012 0.047106450709469 0.062790519529021 0.078459095727402 0.094108313318552 0.109734311091019 0.125333233564131 0.140901231937195 0.156434465039715 
0.257720913078941 0.031410759078071 0.047106450709470 0.062790519529189 0.078459095727407 0.094108313318552 0.109734311091019 0.125333233564148 0.140901231937227 0.156434465039723 
0.247573434466538 0.031410759078012 0.047106450709469 0.062790519529021 0.078459095727402 0.094108313318552 0.109734311091019 0.125333233564131 0.140901231937195 0.156434465039715 
0.237511683184138 0.031410759078005 0.047106450709468 0.062790519529026 0.078459095727399 0.094108313318552 0.109734311091019 0.125333233564142 0.140901231937149 0.156434465039846 
0.228357892569216 0.031410759078031 0.047106450709483 0.062790519529145 0.078459095727699 0.094108313318552 0.109734311091019 0.125333233564049 0.140901231937346 0.156434465039911 
0.219077167283622 0.031410759078001 0.047106450709469 0.062790519529043 0.078459095727405 0.094108313318552 0.109734311091019 0.125333233564155 0.140901231937132 0.156434465039887 
0.210371687784113 0.031410759078001 0.047106450709468 0.062790519529152 0.078459095727407 0.094108313318552 0.109734311091019 0.125333233564218 0.140901231937142 0.156434465039783 
0.201550399787307 0.031410759078034 0.047106450709468 0.062790519529174 0.078459095727779 0.094108313318552 0.109734311091019 0.125333233564128 0.140901231937351 0.156434465039785 
0.192872363641112 0.031410759078001 0.047106450709470 0.062790519529019 0.078459095727401 0.094108313318552 0.109734311091019 0.125333233564134 0.140901231937298 0.156434465039727 
0.183967175445569 0.031410759078048 0.047106450709469 0.062790519529026 0.078459095727402 0.094108313318552 0.109734311091019 0.125333233564126 0.140901231937410 0.156434465039735 
0.175211208375010 0.031410759078031 0.047106450709487 0.062790519529095 0.078459095727669 0.094108313318552 0.109734311091019 0.125333233563933 0.140901231937345 0.156434465039937 
0.166550353705709 0.031410759077999 0.047106450709471 0.062790519529040 0.078459095727407 0.094108313318552 0.109734311091019 0.125333233564149 0.140901231937265 0.156434465039738 
0.157620141855584 0.031410759078001 0.047106450709468 0.062790519528748 0.078459095727407 0.094108313318552 0.109734311091019 0.125333233563977 0.140901231937143 0.156434465039550 
0.148812074773983 0.031410759078041 0.047106450709469 0.062790519529025 0.078459095727402 0.094108313318552 0.109734311091019 0.125333233564129 0.140901231937419 0.156434465039736 
0.140142322448257 0.031410759077999 0.047106450709470 0.062790519529027 0.078459095727402 0.094108313318552 0.109734311091019 0.125333233564141 0.140901231937441 0.156434465039739 
0.131486931513987 0.031410759078000 0.047106450709469 0.062790519528997 0.078459095727397 0.094108313318552 0.109734311091019 0.125333233564124 0.140901231937539 0.156434465039748 
0.123074668421563 0.031410759078022 0.047106450709482 0.062790519529126 0.078459095727673 0.094108313318552 0.109734311091019 0.125333233564109 0.140901231937349 0.156434465039778 
0.114732119760541 0.031410759077997 0.047106450709470 0.062790519529012 0.078459095727400 0.094108313318552 0.109734311091019 0.125333233564131 0.140901231937321 0.156434465039728 
0.106605354614915 0.031410759077998 0.047106450709474 0.062790519529082 0.078459095727425 0.094108313318552 0.109734311091019 0.125333233564174 0.140901231937165 0.156434465039748 
0.098587882767349 0.031410759077999 0.047106450709470 0.062790519529033 0.078459095727407 0.094108313318552 0.109734311091019 0.125333233564145 0.140901231937415 0.156434465039746 
0.090478455335445 0.031410759077975 0.047106450709468 0.062790519528748 0.078459095727407 0.094108313318552 0.109734311091019 0.125333233563977 0.140901231937143 0.156434465039402 
0.082317619776028 0.031410759077999 0.047106450709470 0.062790519529021 0.078459095727402 0.094108313318552 0.109734311091019 0.125333233564138 0.140901231937463 0.156434465039742 
0.074319883201326 0.031410759078000 0.047106450709470 0.062790519529009 0.078459095727399 0.094108313318552 0.109734311091019 0.125333233564131 0.140901231937507 0.156434465039745 
0.066521772904434 0.031410759078006 0.047106450709468 0.062790519529011 0.078459095727408 0.094108313318552 0.109734311091019 0.125333233564133 0.140901231937147 0.156434465039860 
0.059065127578574 0.031410759077999 0.047106450709472 0.062790519529086 0.078459095727428 0.094108313318552 0.109734311091019 0.125333233564176 0.140901231937159 0.156434465039763 
0.052414213938230 0.031410759078017 0.047106450709482 0.062790519529100 0.078459095727610 0.094108313318552 0.109734311091019 0.125333233564129 0.140901231937342 0.156434465039753 
0.046062556749396 0.031410759078022 0.047106450709482 0.062790519529129 0.078459095727685 0.094108313318552 0.109734311091019 0.125333233564129 0.140901231937350 0.156434465039764 
0.039928036764300 0.031410759078009 0.047106450709468 0.062790519529071 0.078459095727409 0.094108313318552 0.109734311091019 0.125333233564157 0.140901231937139 0.156434465039855 
0.034380167719489 0.031410759077977 0.047106450709457 0.062790519529003 0.078459095727399 0.094108313318552 0.109734311091019 0.125333233564134 0.140901231937319 0.156434465039738 
0.029215354575661 0.031410759078001 0.047106450709468 0.062790519528748 0.078459095727407 0.094108313318552 0.109734311091019 0.125333233563977 0.140901231937143 0.156434465039402 
0.024172064889091 0.031410759077990 0.047106450709470 0.062790519529016 0.078459095727401 0.094108313318552 0.109734311091019 0.125333233564136 0.140901231937313 0.156434465039732 
0.019357290885263 0.031410759078029 0.047106450709490 0.062790519529173 0.078459095727800 0.094108313318552 0.109734311091019 0.125333233564126 0.140901231937364 0.156434465039780 
0.015019891959759 0.031410759077998 0.047106450709471 0.062790519529052 0.078459095727409 0.094108313318552 0.109734311091019 0.125333233564156 0.140901231937330 0.156434465039737 
0.011216889277915 0.031410759077998 0.047106450709470 0.062790519529046 0.078459095727405 0.094108313318552 0.109734311091019 0.125333233564152 0.140901231937371 0.156434465039734 
0.007727520814685 0.031410759078010 0.047106450709495 0.062790519529085 0.078459095727587 0.094108313318552 0.109734311091019 0.125333233564128 0.140901231937351 0.156434465039753 
0.004817463882681 0.031410759077999 0.047106450709470 0.062790519529025 0.078459095727403 0.094108313318552 0.109734311091019 0.125333233564141 0.140901231937439 0.156434465039743 
0.001758637668898 0.031410759078016 0.047106450709484 0.062790519529101 0.078459095727617 0.094108313318552 0.109734311091019 0.125333233564129 0.140901231937346 0.156434465039755 
0.000696829732479 0.031410759078023 0.047106450709487 0.062790519529137 0.078459095727708 0.094108313318552 0.109734311091019 0.125333233564128 0.140901231937353 0.156434465039767 
0.000000000000000 0.031410759078001 0.047106450709470 0.062790519529005 0.078459095727407 0.094108313318552 0.109734311091019 0.125333233564129 0.140901231937486 0.156434465039767 
