1.0000000000000095 0.0000000000000123 
0.9856696486850539 0.0071910311217869 
0.9715277189966255 0.0143389431469901 
0.9565733097171488 0.0219543417012092 
0.9446292851665986 0.0280795890781139 
0.9335740709045647 0.0337836314238247 
0.9216117122934121 0.0399938998665796 
0.9109363699626752 0.0455701335547790 
0.8999356887610229 0.0513505975540858 
0.8867559384691464 0.0583228055914733 
0.8758760536173903 0.0641175001009169 
0.8641163032416431 0.0704214378323836 
0.8536000027467753 0.0760952415174264 
0.8423303017833491 0.0822144576300427 
0.8302833030445719 0.0888011726058137 
0.8182325335742974 0.0954379327131470 
0.8063272187882859 0.1020427522491647 
0.7935081678554096 0.1092092457510701 
0.7807306103984848 0.1164103834933013 
0.7668052981280949 0.1243258036643629 
0.7546318616414999 0.1313045058011013 
0.7440085276198426 0.1374407106640065 
0.7326583753174233 0.1440453427211260 
0.7225722771276827 0.1499574851058010 
0.7109063432437411 0.1568473784398746 
0.7001766518690323 0.1632344104416083 
0.6884424452481843 0.1702756811758772 
0.6759565791682582 0.1778342143045420 
0.6656811113172844 0.1841071692205800 
0.6536363513927986 0.1915222010514020 
0.6437312302776657 0.1976713701495889 
0.6327178653847195 0.2045643549697486 
0.6192291677759847 0.2130888437847919 
0.6065592487546498 0.2211808626166016 
0.5957007413797318 0.2281834794592022 
0.5823590093466917 0.2368754955142226 
0.5719239789027495 0.2437434437290986 
0.5607929896633959 0.2511388715767328 
0.5491724578030648 0.2589382901518681 
0.5366570593456816 0.2674311913917876 
0.5233318078663851 0.2765832405408628 
0.5119726358542313 0.2844773687337307 
0.5019928213258630 0.2914854826287344 
0.4904476601504724 0.2996803157482654 
0.4788314017550214 0.3080235540460964 
0.4682510215530192 0.3157113024804540 
0.4573871313097587 0.3236959771598768 
0.4474699080045042 0.3310680841786050 
0.4350984065719736 0.3403801044753498 
0.4231463606180577 0.3495029895395091 
0.4108891532782927 0.3589936402201078 
0.3998671717952663 0.3676494866015809 
0.3883671740281838 0.3768088784103534 
0.3736245835407955 0.3887516187826967 
0.3606753168008416 0.3994374996715020 
0.3486242849750714 0.4095558578704925 
0.3378864545421178 0.4187199861150425 
0.3249228336049254 0.4299799708739147 
0.3131020678226116 0.4404447589177733 
0.3012802608971417 0.4511099737678588 
0.2890187064629848 0.4623953995146953 
0.2767770514921812 0.4739039522176975 
0.2655408368877431 0.4846934534786852 
0.2564077020195321 0.4936328387232121 
0.2460218831165887 0.5039940694743975 
0.2365527919507746 0.5136330686089416 
0.2266285511629193 0.5239448023990279 
0.2165527042171141 0.5346477632834505 
0.2095292961079114 0.5422562986693411 
0.2016718592108150 0.5509210991253358 
0.1927683078498994 0.5609461219282070 
0.1851482460802025 0.5697114385901210 
0.1763485056213953 0.5800613073062002 
0.1665427829575638 0.5919034636785724 
0.1571761627046677 0.6035455099199275 
0.1478581233440577 0.6154767583824865 
0.1401312247524169 0.6256589459431439 
0.1325519763245438 0.6359231175637134 
0.1240158381976334 0.6478411747554578 
0.1161312941025576 0.6592195808111316 
0.1091114127914605 0.6696798329023128 
0.1020734216682487 0.6805106861439149 
0.0907922517986685 0.6986824734625405 
0.0818360247495644 0.7139300352194441 
0.0744544478270928 0.7271365766045640 
0.0655741194939316 0.7439255586867028 
0.0584351334021423 0.7582663999313968 
0.0510510199778742 0.7740552722946169 
0.0453763173819209 0.7869828237397118 
0.0396626876992680 0.8008450660936224 
0.0344875306341410 0.8142918132280464 
0.0292153545756707 0.8290750030696011 
0.0239610456204100 0.8452064419286235 
0.0193547936107600 0.8608784933565349 
0.0149584060565505 0.8776954373028603 
0.0112440117495499 0.8939622154628940 
0.0085128151076205 0.9077350819237946 
0.0062076854519642 0.9212111337056265 
0.0042867298047694 0.9345268772337941 
0.0000000000000089 1.0000000000000113 
