1.000000000000000 0.031410759078018 0.047106450709483 0.062790519529128 0.078459095727700 0.094108313318552 0.109734311091019 0.125333233564229 0.140901231937555 0.156434465039864 
0.985669648685044 0.031410759078001 0.047106450709468 0.062790519528748 0.078459095727407 0.094108313318552 0.109734311091019 0.125333233563977 0.140901231937108 0.156434465039402 
0.971216841384540 0.031410759078001 0.047106450709467 0.062790519528748 0.078459095727407 0.094108313318552 0.109734311091019 0.125333233563977 0.140901231937193 0.156434465039947 
0.957479396875049 0.031410759078033 0.047106450709471 0.062790519529137 0.078459095727789 0.094108313318552 0.109734311091019 0.125333233564203 0.140901231937401 0.156434465040124 
0.943710897811482 0.031410759078022 0.047106450709471 0.062790519529112 0.078459095727840 0.094108313318552 0.109734311091019 0.125333233564120 0.140901231937314 0.156434465040067 
0.930253755037144 0.031410759078000 0.047106450709468 0.062790519528973 0.078459095727397 0.094108313318552 0.109734311091019 0.125333233564112 0.140901231937174 0.156434465039689 
0.916665030914694 0.031410759078035 0.047106450709468 0.062790519529153 0.078459095727825 0.094108313318552 0.109734311091019 0.125333233564127 0.140901231937286 0.156434465039929 
0.903289889988572 0.031410759078012 0.047106450709469 0.062790519529090 0.078459095727944 0.094108313318552 0.109734311091019 0.125333233564115 0.140901231937305 0.156434465040008 
0.889684110418793 0.031410759078033 0.047106450709471 0.062790519529138 0.078459095727793 0.094108313318552 0.109734311091019 0.125333233564190 0.140901231937414 0.156434465040145 
0.875864222451012 0.031410759078033 0.047106450709471 0.062790519529137 0.078459095727789 0.094108313318552 0.109734311091019 0.125333233564203 0.140901231937401 0.156434465040124 
0.861792425341762 0.031410759078000 0.047106450709470 0.062790519529049 0.078459095727401 0.094108313318552 0.109734311091019 0.125333233564156 0.140901231937159 0.156434465039773 
0.847885420256013 0.031410759078033 0.047106450709471 0.062790519529137 0.078459095727789 0.094108313318552 0.109734311091019 0.125333233564203 0.140901231937401 0.156434465040124 
0.834177230559791 0.031410759078031 0.047106450709473 0.062790519529135 0.078459095727784 0.094108313318552 0.109734311091019 0.125333233564187 0.140901231937379 0.156434465040072 
0.820879517779698 0.031410759078031 0.047106450709472 0.062790519529136 0.078459095727790 0.094108313318552 0.109734311091019 0.125333233564202 0.140901231937382 0.156434465040096 
0.806951939552803 0.031410759078016 0.047106450709469 0.062790519529105 0.078459095727943 0.094108313318552 0.109734311091019 0.125333233564117 0.140901231937315 0.156434465039929 
0.793858760033533 0.031410759078016 0.047106450709469 0.062790519529099 0.078459095727914 0.094108313318552 0.109734311091019 0.125333233564116 0.140901231937308 0.156434465039967 
0.781557663418349 0.031410759078033 0.047106450709471 0.062790519529137 0.078459095727788 0.094108313318552 0.109734311091019 0.125333233564196 0.140901231937412 0.156434465040135 
0.769499564562839 0.031410759078032 0.047106450709472 0.062790519529135 0.078459095727792 0.094108313318552 0.109734311091019 0.125333233564191 0.140901231937390 0.156434465040110 
0.758013710950534 0.031410759078033 0.047106450709471 0.062790519529137 0.078459095727789 0.094108313318552 0.109734311091019 0.125333233564203 0.140901231937401 0.156434465040124 
0.746468847901059 0.031410759078032 0.047106450709472 0.062790519529136 0.078459095727792 0.094108313318552 0.109734311091019 0.125333233564190 0.140901231937394 0.156434465040114 
0.734668118522233 0.031410759078035 0.047106450709471 0.062790519529141 0.078459095727747 0.094108313318552 0.109734311091019 0.125333233564124 0.140901231937503 0.156434465040057 
0.723111010125233 0.031410759078032 0.047106450709471 0.062790519529137 0.078459095727789 0.094108313318552 0.109734311091019 0.125333233564203 0.140901231937400 0.156434465040123 
0.711621338393004 0.031410759078005 0.047106450709469 0.062790519529044 0.078459095727841 0.094108313318552 0.109734311091019 0.125333233564115 0.140901231937270 0.156434465040037 
0.699655760821085 0.031410759078001 0.047106450709468 0.062790519529084 0.078459095727407 0.094108313318552 0.109734311091019 0.125333233564177 0.140901231937142 0.156434465039869 
0.687796531726770 0.031410759078027 0.047106450709474 0.062790519529130 0.078459095727800 0.094108313318552 0.109734311091019 0.125333233564196 0.140901231937325 0.156434465040034 
0.676081312654617 0.031410759078030 0.047106450709472 0.062790519529134 0.078459095727781 0.094108313318552 0.109734311091019 0.125333233564123 0.140901231937323 0.156434465040030 
0.664522440892924 0.031410759078014 0.047106450709469 0.062790519529000 0.078459095727642 0.094108313318552 0.109734311091019 0.125333233564117 0.140901231937211 0.156434465039922 
0.653118264897614 0.031410759078029 0.047106450709473 0.062790519529134 0.078459095727790 0.094108313318552 0.109734311091019 0.125333233564122 0.140901231937326 0.156434465040049 
0.641718912328638 0.031410759078031 0.047106450709469 0.062790519529111 0.078459095727722 0.094108313318552 0.109734311091019 0.125333233564125 0.140901231937282 0.156434465040255 
0.630416450781560 0.031410759078027 0.047106450709475 0.062790519529131 0.078459095727793 0.094108313318552 0.109734311091019 0.125333233564205 0.140901231937320 0.156434465040011 
0.618705113791022 0.031410759078040 0.047106450709469 0.062790519529039 0.078459095727402 0.094108313318552 0.109734311091019 0.125333233564127 0.140901231937198 0.156434465039710 
0.607052707360084 0.031410759078015 0.047106450709469 0.062790519529117 0.078459095728001 0.094108313318552 0.109734311091019 0.125333233564114 0.140901231937330 0.156434465039891 
0.595448031127185 0.031410759078001 0.047106450709469 0.062790519529097 0.078459095727406 0.094108313318552 0.109734311091019 0.125333233564191 0.140901231937135 0.156434465039922 
0.583718626048041 0.031410759078001 0.047106450709468 0.062790519528748 0.078459095727407 0.094108313318552 0.109734311091019 0.125333233563977 0.140901231937111 0.156434465039930 
0.571809919510917 0.031410759078027 0.047106450709474 0.062790519529130 0.078459095727801 0.094108313318552 0.109734311091019 0.125333233564193 0.140901231937325 0.156434465040033 
0.559855779925197 0.031410759078083 0.047106450709470 0.062790519529047 0.078459095727408 0.094108313318552 0.109734311091019 0.125333233564152 0.140901231937224 0.156434465039726 
0.547744924683328 0.031410759078028 0.047106450709474 0.062790519529131 0.078459095727794 0.094108313318552 0.109734311091019 0.125333233564196 0.140901231937327 0.156434465040019 
0.535898384862246 0.031410759078057 0.047106450709479 0.062790519529129 0.078459095727759 0.094108313318552 0.109734311091019 0.125333233564083 0.140901231937353 0.156434465039965 
0.524379187379215 0.031410759078028 0.047106450709475 0.062790519529133 0.078459095727782 0.094108313318552 0.109734311091019 0.125333233564198 0.140901231937329 0.156434465039997 
0.512805531215127 0.031410759078028 0.047106450709474 0.062790519529132 0.078459095727791 0.094108313318552 0.109734311091019 0.125333233564195 0.140901231937327 0.156434465040015 
0.501557761082973 0.031410759078029 0.047106450709475 0.062790519529132 0.078459095727786 0.094108313318552 0.109734311091019 0.125333233564200 0.140901231937392 0.156434465040017 
0.490386353761766 0.031410759078028 0.047106450709470 0.062790519529130 0.078459095727837 0.094108313318552 0.109734311091019 0.125333233564248 0.140901231937319 0.156434465040084 
0.479282416133312 0.031410759078027 0.047106450709472 0.062790519529130 0.078459095727813 0.094108313318552 0.109734311091019 0.125333233564214 0.140901231937323 0.156434465040049 
0.468111569340318 0.031410759078029 0.047106450709475 0.062790519529132 0.078459095727786 0.094108313318552 0.109734311091019 0.125333233564201 0.140901231937283 0.156434465040014 
0.456910865982209 0.031410759078026 0.047106450709473 0.062790519529125 0.078459095727814 0.094108313318552 0.109734311091019 0.125333233564121 0.140901231937321 0.156434465040022 
0.445261388679133 0.031410759078028 0.047106450709475 0.062790519529132 0.078459095727788 0.094108313318552 0.109734311091019 0.125333233564200 0.140901231937477 0.156434465039999 
0.433954007522023 0.031410759078028 0.047106450709474 0.062790519529132 0.078459095727790 0.094108313318552 0.109734311091019 0.125333233564199 0.140901231937322 0.156434465040011 
0.422190860756851 0.031410759078028 0.047106450709474 0.062790519529132 0.078459095727790 0.094108313318552 0.109734311091019 0.125333233564198 0.140901231937451 0.156434465040018 
0.410595964253481 0.031410759078028 0.047106450709477 0.062790519529133 0.078459095727775 0.094108313318552 0.109734311091019 0.125333233564080 0.140901231937331 0.156434465040001 
0.398842225865794 0.031410759078028 0.047106450709474 0.062790519529132 0.078459095727789 0.094108313318552 0.109734311091019 0.125333233564198 0.140901231937540 0.156434465040009 
0.387379471415774 0.031410759078028 0.047106450709474 0.062790519529132 0.078459095727790 0.094108313318552 0.109734311091019 0.125333233564197 0.140901231937450 0.156434465040018 
0.375759218026580 0.031410759078042 0.047106450709471 0.062790519529159 0.078459095727676 0.094108313318552 0.109734311091019 0.125333233564129 0.140901231937333 0.156434465039903 
0.364665961434133 0.031410759078031 0.047106450709477 0.062790519529145 0.078459095727757 0.094108313318552 0.109734311091019 0.125333233564125 0.140901231937340 0.156434465040016 
0.353956513069510 0.031410759078027 0.047106450709474 0.062790519529129 0.078459095727800 0.094108313318552 0.109734311091019 0.125333233564122 0.140901231937326 0.156434465040039 
0.343350178281300 0.031410759078031 0.047106450709476 0.062790519529132 0.078459095727773 0.094108313318552 0.109734311091019 0.125333233564207 0.140901231937409 0.156434465040022 
0.332700247726473 0.031410759078028 0.047106450709474 0.062790519529132 0.078459095727793 0.094108313318552 0.109734311091019 0.125333233564195 0.140901231937327 0.156434465040018 
0.321987714692656 0.031410759078030 0.047106450709475 0.062790519529132 0.078459095727784 0.094108313318552 0.109734311091019 0.125333233564202 0.140901231937433 0.156434465040014 
0.311136395418023 0.031410759078027 0.047106450709474 0.062790519529130 0.078459095727799 0.094108313318552 0.109734311091019 0.125333233564190 0.140901231937326 0.156434465040028 
0.300221360655349 0.031410759078026 0.047106450709475 0.062790519529132 0.078459095727779 0.094108313318552 0.109734311091019 0.125333233564218 0.140901231937340 0.156434465040005 
0.289551106226732 0.031410759078029 0.047106450709474 0.062790519529148 0.078459095727722 0.094108313318552 0.109734311091019 0.125333233564129 0.140901231937350 0.156434465039767 
0.278759005883983 0.031410759078031 0.047106450709480 0.062790519529146 0.078459095727724 0.094108313318552 0.109734311091019 0.125333233564068 0.140901231937342 0.156434465039943 
0.268115055095476 0.031410759078012 0.047106450709469 0.062790519529021 0.078459095727402 0.094108313318552 0.109734311091019 0.125333233564131 0.140901231937195 0.156434465039715 
0.257720913078941 0.031410759078071 0.047106450709470 0.062790519529189 0.078459095727407 0.094108313318552 0.109734311091019 0.125333233564148 0.140901231937227 0.156434465039723 
0.247573434466538 0.031410759078012 0.047106450709469 0.062790519529021 0.078459095727402 0.094108313318552 0.109734311091019 0.125333233564131 0.140901231937195 0.156434465039715 
0.237511683184138 0.031410759078005 0.047106450709468 0.062790519529026 0.078459095727399 0.094108313318552 0.109734311091019 0.125333233564142 0.140901231937149 0.156434465039846 
0.228295153092673 0.031410759078028 0.047106450709478 0.062790519529133 0.078459095727758 0.094108313318552 0.109734311091019 0.125333233564085 0.140901231937334 0.156434465039987 
0.219319455625766 0.031410759078029 0.047106450709479 0.062790519529130 0.078459095727733 0.094108313318552 0.109734311091019 0.125333233564099 0.140901231937449 0.156434465039967 
0.210371687784113 0.031410759078001 0.047106450709468 0.062790519529152 0.078459095727407 0.094108313318552 0.109734311091019 0.125333233564218 0.140901231937142 0.156434465039783 
0.201300143014600 0.031410759078029 0.047106450709481 0.062790519529131 0.078459095727720 0.094108313318552 0.109734311091019 0.125333233564054 0.140901231937339 0.156434465040188 
0.192546904436596 0.031410759078028 0.047106450709477 0.062790519529133 0.078459095727778 0.094108313318552 0.109734311091019 0.125333233564101 0.140901231937331 0.156434465040007 
0.183904794848485 0.031410759078027 0.047106450709478 0.062790519529130 0.078459095727750 0.094108313318552 0.109734311091019 0.125333233564134 0.140901231937408 0.156434465039970 
0.175211208375010 0.031410759078031 0.047106450709487 0.062790519529095 0.078459095727669 0.094108313318552 0.109734311091019 0.125333233563933 0.140901231937345 0.156434465039937 
0.166367148856316 0.031410759078080 0.047106450709481 0.062790519529127 0.078459095727733 0.094108313318552 0.109734311091019 0.125333233564059 0.140901231937336 0.156434465039932 
0.157620141855584 0.031410759078001 0.047106450709468 0.062790519528748 0.078459095727407 0.094108313318552 0.109734311091019 0.125333233563977 0.140901231937143 0.156434465039550 
0.148812074773983 0.031410759078041 0.047106450709469 0.062790519529025 0.078459095727402 0.094108313318552 0.109734311091019 0.125333233564129 0.140901231937419 0.156434465039736 
0.140054016926192 0.031410759078028 0.047106450709478 0.062790519529130 0.078459095727753 0.094108313318552 0.109734311091019 0.125333233564125 0.140901231937403 0.156434465039974 
0.131495531602629 0.031410759078027 0.047106450709478 0.062790519529130 0.078459095727752 0.094108313318552 0.109734311091019 0.125333233564163 0.140901231937404 0.156434465039973 
0.123074668421563 0.031410759078022 0.047106450709482 0.062790519529126 0.078459095727673 0.094108313318552 0.109734311091019 0.125333233564109 0.140901231937349 0.156434465039778 
0.114732119760541 0.031410759077997 0.047106450709470 0.062790519529012 0.078459095727400 0.094108313318552 0.109734311091019 0.125333233564131 0.140901231937321 0.156434465039728 
0.106605354614915 0.031410759077998 0.047106450709474 0.062790519529082 0.078459095727425 0.094108313318552 0.109734311091019 0.125333233564174 0.140901231937165 0.156434465039748 
0.098460185355027 0.031410759078022 0.047106450709480 0.062790519529130 0.078459095727721 0.094108313318552 0.109734311091019 0.125333233564223 0.140901231937481 0.156434465039931 
0.090225830726304 0.031410759078022 0.047106450709480 0.062790519529130 0.078459095727721 0.094108313318552 0.109734311091019 0.125333233564209 0.140901231937481 0.156434465039930 
0.082255466629466 0.031410759078028 0.047106450709483 0.062790519529130 0.078459095727686 0.094108313318552 0.109734311091019 0.125333233564033 0.140901231937453 0.156434465039909 
0.074309454006894 0.031410759078022 0.047106450709480 0.062790519529130 0.078459095727721 0.094108313318552 0.109734311091019 0.125333233564228 0.140901231937480 0.156434465039930 
0.066521772904434 0.031410759078006 0.047106450709468 0.062790519529011 0.078459095727408 0.094108313318552 0.109734311091019 0.125333233564133 0.140901231937147 0.156434465039860 
0.059458443952394 0.031410759078022 0.047106450709482 0.062790519529131 0.078459095727701 0.094108313318552 0.109734311091019 0.125333233564063 0.140901231937539 0.156434465039902 
0.052625310666508 0.031410759078022 0.047106450709480 0.062790519529130 0.078459095727720 0.094108313318552 0.109734311091019 0.125333233564213 0.140901231937482 0.156434465039929 
0.046152210019398 0.031410759078022 0.047106450709480 0.062790519529130 0.078459095727719 0.094108313318552 0.109734311091019 0.125333233564220 0.140901231937484 0.156434465039928 
0.040240676186468 0.031410759078022 0.047106450709480 0.062790519529130 0.078459095727720 0.094108313318552 0.109734311091019 0.125333233564217 0.140901231937483 0.156434465039928 
0.034628290134137 0.031410759078023 0.047106450709483 0.062790519529130 0.078459095727693 0.094108313318552 0.109734311091019 0.125333233564242 0.140901231937561 0.156434465039891 
0.029215354575661 0.031410759078001 0.047106450709468 0.062790519528748 0.078459095727407 0.094108313318552 0.109734311091019 0.125333233563977 0.140901231937143 0.156434465039402 
0.024172064889091 0.031410759077990 0.047106450709470 0.062790519529016 0.078459095727401 0.094108313318552 0.109734311091019 0.125333233564136 0.140901231937313 0.156434465039732 
0.019357290885263 0.031410759078029 0.047106450709490 0.062790519529173 0.078459095727800 0.094108313318552 0.109734311091019 0.125333233564126 0.140901231937364 0.156434465039780 
0.015019891959759 0.031410759077998 0.047106450709471 0.062790519529052 0.078459095727409 0.094108313318552 0.109734311091019 0.125333233564156 0.140901231937330 0.156434465039737 
0.011119976585074 0.031410759078022 0.047106450709480 0.062790519529130 0.078459095727720 0.094108313318552 0.109734311091019 0.125333233564212 0.140901231937483 0.156434465039929 
0.007727520814685 0.031410759078010 0.047106450709495 0.062790519529085 0.078459095727587 0.094108313318552 0.109734311091019 0.125333233564128 0.140901231937351 0.156434465039753 
0.004817463882681 0.031410759077999 0.047106450709470 0.062790519529025 0.078459095727403 0.094108313318552 0.109734311091019 0.125333233564141 0.140901231937439 0.156434465039743 
0.001758637668898 0.031410759078016 0.047106450709484 0.062790519529101 0.078459095727617 0.094108313318552 0.109734311091019 0.125333233564129 0.140901231937346 0.156434465039755 
0.000432376810741 0.031410759078026 0.047106450709485 0.062790519529130 0.078459095727666 0.094108313318552 0.109734311091019 0.125333233564006 0.140901231937612 0.156434465039854 
0.000000000000000 0.031410759078020 0.047106450709483 0.062790519529130 0.078459095727694 0.094108313318552 0.109734311091019 0.125333233564230 0.140901231937497 0.156434465039895 
