1.0000000000000060 0.0000000000000063 
0.9856696486850536 0.0071910311217867 
0.9712168413845477 0.0144966558227628 
0.9570197916244851 0.0217261162514548 
0.9433198487307493 0.0287534562580273 
0.9302537550371499 0.0355033670161770 
0.9177237097682948 0.0420210285354521 
0.9032966954976740 0.0495807790781716 
0.8898245976487567 0.0566948544353538 
0.8758767516146717 0.0641171271923748 
0.8622563252367337 0.0714224182995178 
0.8480513351056285 0.0791029725829216 
0.8334809668047455 0.0870482122232692 
0.8183087420488586 0.0953958091801462 
0.8052136644825733 0.1026630150926840 
0.7929314877204124 0.1095329945919436 
0.7801278703109950 0.1167515240256751 
0.7678433568589563 0.1237332844054046 
0.7571962378395792 0.1298297650232100 
0.7465586323518297 0.1359637551862689 
0.7355840250032520 0.1423380473617619 
0.7229874118468149 0.1497133354880865 
0.7113787844976769 0.1565672614264666 
0.6996557608210916 0.1635457210217223 
0.6880220108173067 0.1705290777747054 
0.6760306972565817 0.1777891406357097 
0.6643069933356958 0.1849496988923509 
0.6529754378427546 0.1919310438813227 
0.6420904263111090 0.1986945486825303 
0.6306332316596228 0.2058758084155818 
0.6192291677759847 0.2130888437847919 
0.6074141388407228 0.2206322184996944 
0.5954480311271915 0.2283472081776849 
0.5837186260480494 0.2359851925204431 
0.5720466258372470 0.2436623598965702 
0.5601125188580427 0.2515933465968999 
0.5480069716601135 0.2597250702204663 
0.5354980043739630 0.2682227084871066 
0.5234360249818972 0.2765112129535923 
0.5127183719184226 0.2839564455157714 
0.5015139451106685 0.2918235070897616 
0.4904476601504712 0.2996803157482665 
0.4791227850408045 0.3078130418443394 
0.4682200155211590 0.3157339585211431 
0.4573871313097587 0.3236959771598768 
0.4460139698472837 0.3321572267013224 
0.4343642357779521 0.3409368499317089 
0.4226324279500108 0.3498981403272273 
0.4105801552359966 0.3592347112741023 
0.3985293060844316 0.3687082242857783 
0.3862286532641435 0.3785270293374581 
0.3750960115079853 0.3875491762533324 
0.3643499630541253 0.3963859154607868 
0.3536086049323339 0.4053500147714446 
0.3434174097414083 0.4139817325872887 
0.3333375883354510 0.4226460458822173 
0.3231779879614659 0.4315125437079082 
0.3127016956206740 0.4408026326772808 
0.3011329018419522 0.4512442238646299 
0.2893973219259853 0.4620433828588281 
0.2783209217786288 0.4724387032973164 
0.2676625506228879 0.4826388586075714 
0.2572669013855854 0.4927851526368989 
0.2472088137389001 0.5027990207784322 
0.2375116831841441 0.5126482962129607 
0.2278323015823078 0.5226821796933483 
0.2190771672836286 0.5319432007933076 
0.2103716877841209 0.5413370651730138 
0.2017810502295414 0.5507995433778741 
0.1931695671697389 0.5604894003897907 
0.1843973004011138 0.5705849322612198 
0.1757322277048612 0.5807957207937313 
0.1667883723255164 0.5916026783566050 
0.1576201418555921 0.6029859676842944 
0.1487161888731741 0.6143626199742049 
0.1401568691845810 0.6256246947452736 
0.1314595052887675 0.6374265518701662 
0.1233699772026561 0.6487593742138494 
0.1153604766884755 0.6603524228137869 
0.1066053546149212 0.6734952456473087 
0.0987701406463379 0.6857228283086301 
0.0904784553354546 0.6992036314457258 
0.0824303634177866 0.7128931149941276 
0.0744285802922692 0.7271839808730841 
0.0665217729044406 0.7420818484394123 
0.0590651275785796 0.7569668179474851 
0.0526562772574788 0.7705304437240743 
0.0459080958491659 0.7857382538828831 
0.0399280367643066 0.8001799890794299 
0.0344875306341410 0.8142918132280464 
0.0292153545756707 0.8290750030696011 
0.0242021723860920 0.8444295259823359 
0.0193547936107600 0.8608784933565349 
0.0151110873161438 0.8770728373542398 
0.0112440117495499 0.8939622154628940 
0.0074758691484068 0.9135368914021671 
0.0048773501344182 0.9301619721468943 
0.0015805744933915 0.9602435603532723 
0.0000000000000064 1.0000000000000062 
0.0000000000000062 1.8093609974055911 
