1.0000000000000049 0.0000000000000046 
0.9856696486850536 0.0071910311217867 
0.9712168413845477 0.0144966558227628 
0.9572691661455655 0.0215986681603751 
0.9434859717840748 0.0286679394851328 
0.9302537550371499 0.0355033670161770 
0.9173074664078840 0.0422383039566320 
0.9035758420540181 0.0494339359865600 
0.8898245976487567 0.0566948544353538 
0.8758767516146717 0.0641171271923748 
0.8617924253417664 0.0716722425017382 
0.8474889450634300 0.0794083722608513 
0.8331232076141585 0.0872441686769997 
0.8194387754258806 0.0947714236581638 
0.8059359594470688 0.1022606394687524 
0.7929314877204124 0.1095329945919436 
0.7802759967729329 0.1166676747831992 
0.7684100554188127 0.1234099844175736 
0.7574990840483022 0.1296557669242074 
0.7463837239389325 0.1360649770156794 
0.7355840250032520 0.1423380473617619 
0.7229874118468149 0.1497133354880865 
0.7113787844976769 0.1565672614264666 
0.6996557608210916 0.1635457210217223 
0.6880220108173067 0.1705290777747054 
0.6760306972565817 0.1777891406357097 
0.6643069933356958 0.1849496988923509 
0.6529754378427546 0.1919310438813227 
0.6420904263111090 0.1986945486825303 
0.6306332316596228 0.2058758084155818 
0.6192291677759847 0.2130888437847919 
0.6072724045312614 0.2207231528325447 
0.5954480311271915 0.2283472081776849 
0.5837186260480494 0.2359851925204431 
0.5716548794274482 0.2439213801280738 
0.5598557799252021 0.2517648899408755 
0.5478076185055198 0.2598597305202835 
0.5354980043739630 0.2682227084871066 
0.5238065328189687 0.2762552018708831 
0.5125162912334827 0.2840975686355924 
0.5015139451106685 0.2918235070897616 
0.4904476601504712 0.2996803157482665 
0.4791227850408045 0.3078130418443394 
0.4682200155211590 0.3157339585211431 
0.4570722053657233 0.3239288459298738 
0.4460139698472837 0.3321572267013224 
0.4343181757352409 0.3409717944312018 
0.4223070172520778 0.3501484652229667 
0.4105801552359966 0.3592347112741023 
0.3985293060844316 0.3687082242857783 
0.3864544472640143 0.3783453955257758 
0.3750960115079853 0.3875491762533324 
0.3643499630541253 0.3963859154607868 
0.3540648915869541 0.4049664786023034 
0.3435619904144659 0.4138583870646482 
0.3330435885656587 0.4229007116919579 
0.3227122800526770 0.4319222940013690 
0.3120366053483069 0.4413976321673021 
0.3006636487306550 0.4516719515375446 
0.2893973219259853 0.4620433828588281 
0.2783209217786288 0.4724387032973164 
0.2676625506228879 0.4826388586075714 
0.2577209130789457 0.4923377962868062 
0.2474437297163513 0.5025628384244484 
0.2375116831841441 0.5126482962129607 
0.2278323015823078 0.5226821796933483 
0.2190771672836286 0.5319432007933076 
0.2103716877841209 0.5413370651730138 
0.2017151257318670 0.5508729291927984 
0.1928736132033594 0.5608262152594372 
0.1839671754455745 0.5710860512345566 
0.1752553856579534 0.5813648537712780 
0.1665503537057151 0.5918941881010451 
0.1576201418555921 0.6029859676842944 
0.1488120747739887 0.6142383186811061 
0.1401423224482626 0.6256441232620309 
0.1314869315139923 0.6373887322297017 
0.1231831043140002 0.6490254933560110 
0.1150217217326422 0.6608514754084381 
0.1066053546149212 0.6734952456473087 
0.0985878827673546 0.6860129257957487 
0.0904784553354546 0.6992036314457258 
0.0823176197760334 0.7130895265487418 
0.0743198832013311 0.7273832668354285 
0.0665217729044406 0.7420818484394123 
0.0590651275785796 0.7569668179474851 
0.0522293455055782 0.7714625949531007 
0.0459080958491659 0.7857382538828831 
0.0399280367643066 0.8001799890794299 
0.0344875306341410 0.8142918132280464 
0.0292153545756707 0.8290750030696011 
0.0242021723860920 0.8444295259823359 
0.0193547936107600 0.8608784933565349 
0.0150198919597646 0.8774443311806523 
0.0112168892779208 0.8940901832788203 
0.0079054372531303 0.9110874741494566 
0.0048174638826869 0.9305920474103974 
0.0015805744933915 0.9602435603532723 
0.0000000000000059 1.0000000000000047 
0.0000000000000052 1.0000000000000053 
