1.000000000000000 0.031410759078030 0.047106450709540 0.062790519529200 0.078459095727798 0.094108313318552 0.109734311091019 0.125333233564194 0.140901231937417 0.156434465040166 
0.985669648685044 0.031410759078001 0.047106450709468 0.062790519528748 0.078459095727407 0.094108313318552 0.109734311091019 0.125333233563977 0.140901231937108 0.156434465039402 
0.971216841384540 0.031410759078001 0.047106450709467 0.062790519528748 0.078459095727407 0.094108313318552 0.109734311091019 0.125333233563977 0.140901231937193 0.156434465039947 
0.957479396875049 0.031410759078033 0.047106450709471 0.062790519529137 0.078459095727789 0.094108313318552 0.109734311091019 0.125333233564203 0.140901231937401 0.156434465040124 
0.943862651882502 0.031410759078030 0.047106450709470 0.062790519529201 0.078459095727798 0.094108313318552 0.109734311091019 0.125333233564194 0.140901231937422 0.156434465040166 
0.930222283915844 0.031410759078030 0.047106450709469 0.062790519529211 0.078459095727799 0.094108313318552 0.109734311091019 0.125333233564193 0.140901231937421 0.156434465040166 
0.916665030914694 0.031410759078035 0.047106450709468 0.062790519529153 0.078459095727825 0.094108313318552 0.109734311091019 0.125333233564127 0.140901231937286 0.156434465039929 
0.903160794629891 0.031410759078031 0.047106450709469 0.062790519529132 0.078459095727798 0.094108313318552 0.109734311091019 0.125333233564184 0.140901231937399 0.156434465040112 
0.889385000648969 0.031410759078030 0.047106450709469 0.062790519529208 0.078459095727799 0.094108313318552 0.109734311091019 0.125333233564194 0.140901231937421 0.156434465040166 
0.875665719902154 0.031410759078031 0.047106450709480 0.062790519529135 0.078459095727783 0.094108313318552 0.109734311091019 0.125333233564184 0.140901231937373 0.156434465040058 
0.861792425341762 0.031410759078000 0.047106450709470 0.062790519529049 0.078459095727401 0.094108313318552 0.109734311091019 0.125333233564156 0.140901231937159 0.156434465039773 
0.848202236634151 0.031410759078029 0.047106450709552 0.062790519529202 0.078459095727798 0.094108313318552 0.109734311091019 0.125333233564194 0.140901231937453 0.156434465040166 
0.834636486913076 0.031410759078030 0.047106450709468 0.062790519529267 0.078459095727801 0.094108313318552 0.109734311091019 0.125333233564192 0.140901231937416 0.156434465040166 
0.821433978065088 0.031410759078030 0.047106450709468 0.062790519529201 0.078459095727798 0.094108313318552 0.109734311091019 0.125333233564194 0.140901231937431 0.156434465040166 
0.808254448915883 0.031410759078030 0.047106450709465 0.062790519529204 0.078459095727798 0.094108313318552 0.109734311091019 0.125333233564194 0.140901231937470 0.156434465040166 
0.795446196751304 0.031410759078030 0.047106450709469 0.062790519529184 0.078459095727798 0.094108313318552 0.109734311091019 0.125333233564194 0.140901231937422 0.156434465040166 
0.782796345663089 0.031410759078030 0.047106450709524 0.062790519529202 0.078459095727798 0.094108313318552 0.109734311091019 0.125333233564194 0.140901231937424 0.156434465040166 
0.770481958086613 0.031410759078030 0.047106450709471 0.062790519529191 0.078459095727798 0.094108313318552 0.109734311091019 0.125333233564194 0.140901231937422 0.156434465040166 
0.757554479319427 0.031410759078030 0.047106450709623 0.062790519529202 0.078459095727798 0.094108313318552 0.109734311091019 0.125333233564194 0.140901231937423 0.156434465040166 
0.745268054558248 0.031410759078030 0.047106450709587 0.062790519529202 0.078459095727798 0.094108313318552 0.109734311091019 0.125333233564194 0.140901231937422 0.156434465040166 
0.731460111172146 0.031410759078030 0.047106450709571 0.062790519529202 0.078459095727798 0.094108313318552 0.109734311091019 0.125333233564194 0.140901231937424 0.156434465040166 
0.717168533942404 0.031410759078030 0.047106450709619 0.062790519529202 0.078459095727798 0.094108313318552 0.109734311091019 0.125333233564194 0.140901231937423 0.156434465040166 
0.707159309568042 0.031410759078030 0.047106450709619 0.062790519529202 0.078459095727798 0.094108313318552 0.109734311091019 0.125333233564194 0.140901231937423 0.156434465040166 
0.696972429675265 0.031410759078030 0.047106450709619 0.062790519529202 0.078459095727798 0.094108313318552 0.109734311091019 0.125333233564194 0.140901231937423 0.156434465040166 
0.686884296370750 0.031410759078029 0.047106450709509 0.062790519529203 0.078459095727798 0.094108313318552 0.109734311091019 0.125333233564194 0.140901231937465 0.156434465040166 
0.676771728675839 0.031410759078029 0.047106450709505 0.062790519529203 0.078459095727798 0.094108313318552 0.109734311091019 0.125333233564194 0.140901231937470 0.156434465040166 
0.664660578698435 0.031410759078030 0.047106450709469 0.062790519529241 0.078459095727799 0.094108313318552 0.109734311091019 0.125333233564193 0.140901231937420 0.156434465040166 
0.653183994170614 0.031410759078030 0.047106450709469 0.062790519529152 0.078459095727799 0.094108313318552 0.109734311091019 0.125333233564193 0.140901231937421 0.156434465040166 
0.641625957453699 0.031410759078030 0.047106450709469 0.062790519529208 0.078459095727798 0.094108313318552 0.109734311091019 0.125333233564194 0.140901231937423 0.156434465040166 
0.630155652689675 0.031410759078032 0.047106450709469 0.062790519529136 0.078459095727799 0.094108313318552 0.109734311091019 0.125333233564178 0.140901231937384 0.156434465040078 
0.618610260601246 0.031410759078030 0.047106450709470 0.062790519529202 0.078459095727798 0.094108313318552 0.109734311091019 0.125333233564194 0.140901231937423 0.156434465040166 
0.607052707360084 0.031410759078015 0.047106450709469 0.062790519529117 0.078459095728001 0.094108313318552 0.109734311091019 0.125333233564114 0.140901231937330 0.156434465039891 
0.595290707440128 0.031410759078030 0.047106450709471 0.062790519529134 0.078459095727783 0.094108313318552 0.109734311091019 0.125333233564186 0.140901231937412 0.156434465040046 
0.583524586407760 0.031410759078029 0.047106450709472 0.062790519529135 0.078459095727791 0.094108313318552 0.109734311091019 0.125333233564196 0.140901231937432 0.156434465040158 
0.571594003032913 0.031410759078030 0.047106450709469 0.062790519529157 0.078459095727798 0.094108313318552 0.109734311091019 0.125333233564193 0.140901231937421 0.156434465040165 
0.559655773097300 0.031410759078030 0.047106450709460 0.062790519529195 0.078459095727798 0.094108313318552 0.109734311091019 0.125333233564194 0.140901231937423 0.156434465040166 
0.547775283504960 0.031410759078030 0.047106450709469 0.062790519529125 0.078459095727797 0.094108313318552 0.109734311091019 0.125333233564193 0.140901231937422 0.156434465040158 
0.535969228951196 0.031410759078030 0.047106450709467 0.062790519529168 0.078459095727798 0.094108313318552 0.109734311091019 0.125333233564194 0.140901231937423 0.156434465040166 
0.524495779942280 0.031410759078030 0.047106450709469 0.062790519529153 0.078459095727798 0.094108313318552 0.109734311091019 0.125333233564194 0.140901231937421 0.156434465040166 
0.513058360824460 0.031410759078028 0.047106450709474 0.062790519529127 0.078459095727792 0.094108313318552 0.109734311091019 0.125333233564201 0.140901231937512 0.156434465040173 
0.501674827377261 0.031410759078030 0.047106450709469 0.062790519529155 0.078459095727799 0.094108313318552 0.109734311091019 0.125333233564193 0.140901231937421 0.156434465040166 
0.490462471963681 0.031410759078030 0.047106450709469 0.062790519529180 0.078459095727798 0.094108313318552 0.109734311091019 0.125333233564194 0.140901231937423 0.156434465040166 
0.479204596844624 0.031410759078030 0.047106450709469 0.062790519529157 0.078459095727799 0.094108313318552 0.109734311091019 0.125333233564193 0.140901231937419 0.156434465040165 
0.467783109977651 0.031410759078029 0.047106450709471 0.062790519529131 0.078459095727793 0.094108313318552 0.109734311091019 0.125333233564195 0.140901231937425 0.156434465040160 
0.456426791523721 0.031410759078030 0.047106450709469 0.062790519529199 0.078459095727798 0.094108313318552 0.109734311091019 0.125333233564194 0.140901231937423 0.156434465040166 
0.444847829413051 0.031410759078029 0.047106450709462 0.062790519529199 0.078459095727798 0.094108313318552 0.109734311091019 0.125333233564194 0.140901231937445 0.156434465040166 
0.433422089584876 0.031410759078030 0.047106450709470 0.062790519529229 0.078459095727798 0.094108313318552 0.109734311091019 0.125333233564194 0.140901231937423 0.156434465040166 
0.421846316152753 0.031410759078029 0.047106450709470 0.062790519529121 0.078459095727797 0.094108313318552 0.109734311091019 0.125333233564195 0.140901231937426 0.156434465040166 
0.410327567428941 0.031410759078030 0.047106450709470 0.062790519529133 0.078459095727798 0.094108313318552 0.109734311091019 0.125333233564194 0.140901231937423 0.156434465040166 
0.398842225865794 0.031410759078028 0.047106450709474 0.062790519529132 0.078459095727789 0.094108313318552 0.109734311091019 0.125333233564198 0.140901231937540 0.156434465040009 
0.387345361464363 0.031410759078029 0.047106450709465 0.062790519529130 0.078459095727788 0.094108313318552 0.109734311091019 0.125333233564193 0.140901231937439 0.156434465040033 
0.376070999769692 0.031410759078028 0.047106450709473 0.062790519529130 0.078459095727789 0.094108313318552 0.109734311091019 0.125333233564200 0.140901231937443 0.156434465040155 
0.365039199374361 0.031410759078030 0.047106450709469 0.062790519529197 0.078459095727798 0.094108313318552 0.109734311091019 0.125333233564194 0.140901231937423 0.156434465040166 
0.354134784740627 0.031410759078030 0.047106450709476 0.062790519529209 0.078459095727798 0.094108313318552 0.109734311091019 0.125333233564194 0.140901231937423 0.156434465040166 
0.343280870647795 0.031410759078029 0.047106450709470 0.062790519529124 0.078459095727796 0.094108313318552 0.109734311091019 0.125333233564195 0.140901231937423 0.156434465040165 
0.332530905923423 0.031410759078030 0.047106450709469 0.062790519529065 0.078459095727798 0.094108313318552 0.109734311091019 0.125333233564193 0.140901231937419 0.156434465040162 
0.321807748599987 0.031410759078028 0.047106450709474 0.062790519529132 0.078459095727788 0.094108313318552 0.109734311091019 0.125333233564199 0.140901231937459 0.156434465040005 
0.311136395418023 0.031410759078027 0.047106450709474 0.062790519529130 0.078459095727799 0.094108313318552 0.109734311091019 0.125333233564190 0.140901231937326 0.156434465040028 
0.300238230290832 0.031410759078030 0.047106450709469 0.062790519529130 0.078459095727798 0.094108313318552 0.109734311091019 0.125333233564194 0.140901231937423 0.156434465040166 
0.289443939602131 0.031410759078031 0.047106450709486 0.062790519529211 0.078459095727798 0.094108313318552 0.109734311091019 0.125333233564194 0.140901231937537 0.156434465040166 
0.278759005883983 0.031410759078031 0.047106450709480 0.062790519529146 0.078459095727724 0.094108313318552 0.109734311091019 0.125333233564068 0.140901231937342 0.156434465039943 
0.268367202429487 0.031410759078030 0.047106450709469 0.062790519529198 0.078459095727798 0.094108313318552 0.109734311091019 0.125333233564194 0.140901231937423 0.156434465040166 
0.258166339759068 0.031410759078030 0.047106450709470 0.062790519529130 0.078459095727798 0.094108313318552 0.109734311091019 0.125333233564194 0.140901231937423 0.156434465040166 
0.248261097819678 0.031410759078028 0.047106450709478 0.062790519529211 0.078459095727798 0.094108313318552 0.109734311091019 0.125333233564194 0.140901231937550 0.156434465040166 
0.238440447274162 0.031410759078030 0.047106450709469 0.062790519529191 0.078459095727798 0.094108313318552 0.109734311091019 0.125333233564194 0.140901231937423 0.156434465040166 
0.228764859514973 0.031410759078030 0.047106450709474 0.062790519529206 0.078459095727798 0.094108313318552 0.109734311091019 0.125333233564194 0.140901231937423 0.156434465040166 
0.219460821686394 0.031410759078030 0.047106450709469 0.062790519529130 0.078459095727798 0.094108313318552 0.109734311091019 0.125333233564194 0.140901231937423 0.156434465040166 
0.210371687784113 0.031410759078001 0.047106450709468 0.062790519529152 0.078459095727407 0.094108313318552 0.109734311091019 0.125333233564218 0.140901231937142 0.156434465039783 
0.201300143014600 0.031410759078029 0.047106450709481 0.062790519529131 0.078459095727720 0.094108313318552 0.109734311091019 0.125333233564054 0.140901231937339 0.156434465040188 
0.192429708191088 0.031410759078030 0.047106450709469 0.062790519529126 0.078459095727798 0.094108313318552 0.109734311091019 0.125333233564194 0.140901231937423 0.156434465040166 
0.183750614294896 0.031410759078029 0.047106450709480 0.062790519529212 0.078459095727798 0.094108313318552 0.109734311091019 0.125333233564194 0.140901231937559 0.156434465040166 
0.175080143951415 0.031410759078030 0.047106450709470 0.062790519529106 0.078459095727798 0.094108313318552 0.109734311091019 0.125333233564194 0.140901231937423 0.156434465040166 
0.166259149282023 0.031410759078030 0.047106450709480 0.062790519529213 0.078459095727798 0.094108313318552 0.109734311091019 0.125333233564194 0.140901231937568 0.156434465040166 
0.157564207834555 0.031410759078030 0.047106450709470 0.062790519529122 0.078459095727797 0.094108313318552 0.109734311091019 0.125333233564194 0.140901231937423 0.156434465040166 
0.148759610835071 0.031410759078025 0.047106450709484 0.062790519529191 0.078459095727766 0.094108313318552 0.109734311091019 0.125333233564204 0.140901231937469 0.156434465040135 
0.140054016926192 0.031410759078028 0.047106450709478 0.062790519529130 0.078459095727753 0.094108313318552 0.109734311091019 0.125333233564125 0.140901231937403 0.156434465039974 
0.131321865541498 0.031410759078030 0.047106450709478 0.062790519529210 0.078459095727798 0.094108313318552 0.109734311091019 0.125333233564194 0.140901231937524 0.156434465040166 
0.122841599095861 0.031410759078026 0.047106450709479 0.062790519529180 0.078459095727770 0.094108313318552 0.109734311091019 0.125333233564202 0.140901231937459 0.156434465040130 
0.114459563191624 0.031410759078030 0.047106450709470 0.062790519529144 0.078459095727798 0.094108313318552 0.109734311091019 0.125333233564194 0.140901231937423 0.156434465040166 
0.106131582596524 0.031410759078028 0.047106450709473 0.062790519529208 0.078459095727798 0.094108313318552 0.109734311091019 0.125333233564194 0.140901231937541 0.156434465040166 
0.097957982319703 0.031410759078028 0.047106450709478 0.062790519529214 0.078459095727798 0.094108313318552 0.109734311091019 0.125333233564194 0.140901231937622 0.156434465040166 
0.090099841875153 0.031410759078030 0.047106450709470 0.062790519529131 0.078459095727797 0.094108313318552 0.109734311091019 0.125333233564194 0.140901231937422 0.156434465040167 
0.082255466629466 0.031410759078028 0.047106450709483 0.062790519529130 0.078459095727686 0.094108313318552 0.109734311091019 0.125333233564033 0.140901231937453 0.156434465039909 
0.074534926313720 0.031410759078022 0.047106450709480 0.062790519529136 0.078459095727721 0.094108313318552 0.109734311091019 0.125333233564206 0.140901231937480 0.156434465039930 
0.067044445814160 0.031410759078029 0.047106450709477 0.062790519529209 0.078459095727798 0.094108313318552 0.109734311091019 0.125333233564194 0.140901231937547 0.156434465040166 
0.059843220674464 0.031410759078030 0.047106450709470 0.062790519529123 0.078459095727798 0.094108313318552 0.109734311091019 0.125333233564194 0.140901231937422 0.156434465040166 
0.052971280986070 0.031410759078030 0.047106450709470 0.062790519529194 0.078459095727798 0.094108313318552 0.109734311091019 0.125333233564194 0.140901231937423 0.156434465040166 
0.046521398989779 0.031410759078026 0.047106450709479 0.062790519529177 0.078459095727772 0.094108313318552 0.109734311091019 0.125333233564202 0.140901231937457 0.156434465040132 
0.040423116302194 0.031410759078030 0.047106450709470 0.062790519529160 0.078459095727797 0.094108313318552 0.109734311091019 0.125333233564194 0.140901231937422 0.156434465040166 
0.034628290134137 0.031410759078023 0.047106450709483 0.062790519529130 0.078459095727693 0.094108313318552 0.109734311091019 0.125333233564242 0.140901231937561 0.156434465039891 
0.029185944571177 0.031410759077998 0.047106450709483 0.062790519529216 0.078459095727798 0.094108313318552 0.109734311091019 0.125333233564194 0.140901231937564 0.156434465040166 
0.024084262703255 0.031410759078030 0.047106450709479 0.062790519529209 0.078459095727798 0.094108313318552 0.109734311091019 0.125333233564194 0.140901231937508 0.156434465040166 
0.019357290885263 0.031410759078029 0.047106450709490 0.062790519529173 0.078459095727800 0.094108313318552 0.109734311091019 0.125333233564126 0.140901231937364 0.156434465039780 
0.015019891959759 0.031410759077998 0.047106450709471 0.062790519529052 0.078459095727409 0.094108313318552 0.109734311091019 0.125333233564156 0.140901231937330 0.156434465039737 
0.011119976585074 0.031410759078022 0.047106450709480 0.062790519529130 0.078459095727720 0.094108313318552 0.109734311091019 0.125333233564212 0.140901231937483 0.156434465039929 
0.007631773044329 0.031410759078030 0.047106450709469 0.062790519529113 0.078459095727798 0.094108313318552 0.109734311091019 0.125333233564194 0.140901231937420 0.156434465040166 
0.004427075907065 0.031410759078022 0.047106450709480 0.062790519529130 0.078459095727719 0.094108313318552 0.109734311091019 0.125333233564217 0.140901231937484 0.156434465039928 
0.001758637668898 0.031410759078016 0.047106450709484 0.062790519529101 0.078459095727617 0.094108313318552 0.109734311091019 0.125333233564129 0.140901231937346 0.156434465039755 
0.000432376810741 0.031410759078026 0.047106450709485 0.062790519529130 0.078459095727666 0.094108313318552 0.109734311091019 0.125333233564006 0.140901231937612 0.156434465039854 
0.000000000000000 0.031410759078029 0.047106450709462 0.062790519529199 0.078459095727798 0.094108313318552 0.109734311091019 0.125333233564194 0.140901231937445 0.156434465040166 
