1.0000000000000078 0.0000000000000107 
0.9856696486850536 0.0071910311217867 
0.9712168413845477 0.0144966558227628 
0.9565733097171488 0.0219543417012092 
0.9446292851665978 0.0280795890781127 
0.9335740709045647 0.0337836314238247 
0.9216117122934121 0.0399938998665796 
0.9108518567616376 0.0456144087625768 
0.8992144020539099 0.0517308388153287 
0.8878493567083805 0.0577424148841507 
0.8758760536173903 0.0641175001009169 
0.8641163032416431 0.0704214378323836 
0.8529304591445113 0.0764576570917389 
0.8419639779202486 0.0824140487560750 
0.8301171306834497 0.0888923605394254 
0.8178927274153025 0.0956257813187764 
0.8056807878563220 0.1024027696921662 
0.7935081678554096 0.1092092457510701 
0.7801278703109950 0.1167515240256751 
0.7675915244814600 0.1238769923798148 
0.7548959543116652 0.1311525137795244 
0.7438896304920158 0.1375096345512088 
0.7330204202599406 0.1438338827891434 
0.7222562346790388 0.1501434034620830 
0.7113787844976769 0.1565672614264666 
0.7001766518690323 0.1632344104416083 
0.6880220108173067 0.1705290777747054 
0.6760120070008837 0.1778005065673770 
0.6643069933356958 0.1849496988923509 
0.6529754378427546 0.1919310438813227 
0.6420519072667162 0.1987185842248117 
0.6319537006198639 0.2050448436422063 
0.6192291677759847 0.2130888437847919 
0.6070467360347435 0.2208679598202085 
0.5948701237408546 0.2287217598422540 
0.5837186260480494 0.2359851925204431 
0.5719239789027495 0.2437434437290986 
0.5604483675688428 0.2513690044028237 
0.5480069716601135 0.2597250702204663 
0.5358983848622584 0.2679491924311291 
0.5233318078663851 0.2765832405408628 
0.5119726358542313 0.2844773687337307 
0.5015139451106685 0.2918235070897616 
0.4904476601504712 0.2996803157482665 
0.4791227850408045 0.3078130418443394 
0.4682510215530192 0.3157113024804540 
0.4573871313097587 0.3236959771598768 
0.4466959990955708 0.3316468006393991 
0.4353271926668189 0.3402067045909026 
0.4231463606180577 0.3495029895395091 
0.4111378629800661 0.3587996701653651 
0.3990440413682171 0.3683006717051222 
0.3862286532641435 0.3785270293374581 
0.3736245835407933 0.3887516187826944 
0.3613758066604966 0.3988545877572732 
0.3497131221938840 0.4086345273911710 
0.3373211897442973 0.4192064138230515 
0.3251510576480805 0.4297798165199131 
0.3130217267141942 0.4405165536727841 
0.3011329018419522 0.4512442238646299 
0.2892008654380221 0.4622260089610091 
0.2782327560746637 0.4725222695936390 
0.2674386974646418 0.4828552451541017 
0.2565209758110351 0.4935210016091315 
0.2464469591510017 0.5035657554610233 
0.2365527919507746 0.5136330686089416 
0.2278323015823078 0.5226821796933483 
0.2190771672836286 0.5319432007933076 
0.2103716877841209 0.5413370651730138 
0.2017810502295414 0.5507995433778741 
0.1927683078498994 0.5609461219282070 
0.1845777188285527 0.5703749089862902 
0.1757322277048612 0.5807957207937313 
0.1667883723255164 0.5916026783566050 
0.1576201418555921 0.6029859676842944 
0.1487161888731741 0.6143626199742049 
0.1401951561456151 0.6255735637730665 
0.1325519763245438 0.6359231175637134 
0.1243780429511263 0.6473272863530369 
0.1157265612032384 0.6598139314974433 
0.1074346460549055 0.6722277527689490 
0.0989367964903757 0.6854577985542103 
0.0904784553354546 0.6992036314457258 
0.0824702188995048 0.7128237145941656 
0.0744544478270928 0.7271365766045640 
0.0662597859935181 0.7425902371829957 
0.0586998873577144 0.7577194036706578 
0.0518737601441712 0.7722418823748380 
0.0457577221889380 0.7860894528338368 
0.0396626876992680 0.8008450660936224 
0.0344875306341410 0.8142918132280464 
0.0292153545756707 0.8290750030696011 
0.0242021723860920 0.8444295259823359 
0.0193547936107600 0.8608784933565349 
0.0149584060565480 0.8776954373028582 
0.0112440117495499 0.8939622154628940 
0.0081902417597777 0.9095000455261562 
0.0053504328524221 0.9268533469500230 
0.0035036740153182 0.9408081592167558 
0.0000000000000070 1.0000000000000095 
