1.000000000000000 0.031410759078010 0.047106450709469 0.062790519529001 0.078459095727688 0.094108313318552 0.109734311091019 0.125333233564118 0.140901231937215 0.156434465040002 
0.985669648685044 0.031410759078001 0.047106450709468 0.062790519528748 0.078459095727407 0.094108313318552 0.109734311091019 0.125333233563977 0.140901231937108 0.156434465039402 
0.971216841384540 0.031410759078001 0.047106450709467 0.062790519528748 0.078459095727407 0.094108313318552 0.109734311091019 0.125333233563977 0.140901231937193 0.156434465039947 
0.957269166145561 0.031410759078069 0.047106450709470 0.062790519529048 0.078459095727407 0.094108313318552 0.109734311091019 0.125333233564153 0.140901231937214 0.156434465039731 
0.943485971784069 0.031410759078000 0.047106450709468 0.062790519529010 0.078459095727393 0.094108313318552 0.109734311091019 0.125333233564130 0.140901231937163 0.156434465039771 
0.930253755037144 0.031410759078000 0.047106450709468 0.062790519528973 0.078459095727397 0.094108313318552 0.109734311091019 0.125333233564112 0.140901231937174 0.156434465039689 
0.917307466407879 0.031410759078000 0.047106450709470 0.062790519529051 0.078459095727402 0.094108313318552 0.109734311091019 0.125333233564158 0.140901231937160 0.156434465039772 
0.903575842054013 0.031410759077999 0.047106450709470 0.062790519529051 0.078459095727402 0.094108313318552 0.109734311091019 0.125333233564158 0.140901231937160 0.156434465039772 
0.889824597648751 0.031410759078000 0.047106450709468 0.062790519528970 0.078459095727397 0.094108313318552 0.109734311091019 0.125333233564109 0.140901231937177 0.156434465039703 
0.875876751614666 0.031410759078001 0.047106450709468 0.062790519528989 0.078459095727398 0.094108313318552 0.109734311091019 0.125333233564119 0.140901231937171 0.156434465039714 
0.861792425341762 0.031410759078000 0.047106450709470 0.062790519529049 0.078459095727401 0.094108313318552 0.109734311091019 0.125333233564156 0.140901231937159 0.156434465039773 
0.847488945063425 0.031410759078000 0.047106450709470 0.062790519529050 0.078459095727401 0.094108313318552 0.109734311091019 0.125333233564157 0.140901231937159 0.156434465039773 
0.833699811253725 0.031410759078031 0.047106450709469 0.062790519529031 0.078459095727402 0.094108313318552 0.109734311091019 0.125333233564143 0.140901231937190 0.156434465039744 
0.820018109939035 0.031410759078010 0.047106450709469 0.062790519529001 0.078459095727672 0.094108313318552 0.109734311091019 0.125333233564118 0.140901231937214 0.156434465039989 
0.806163737834382 0.031410759078011 0.047106450709469 0.062790519529001 0.078459095727661 0.094108313318552 0.109734311091019 0.125333233564118 0.140901231937213 0.156434465039976 
0.792931487720406 0.031410759078001 0.047106450709468 0.062790519529230 0.078459095727408 0.094108313318552 0.109734311091019 0.125333233564244 0.140901231937124 0.156434465040008 
0.780275996772928 0.031410759078037 0.047106450709469 0.062790519529037 0.078459095727403 0.094108313318552 0.109734311091019 0.125333233564147 0.140901231937192 0.156434465039746 
0.768410055418808 0.031410759078000 0.047106450709470 0.062790519529049 0.078459095727401 0.094108313318552 0.109734311091019 0.125333233564157 0.140901231937160 0.156434465039773 
0.757274122997794 0.031410759078009 0.047106450709468 0.062790519528981 0.078459095727396 0.094108313318552 0.109734311091019 0.125333233564106 0.140901231937195 0.156434465039701 
0.746383723938927 0.031410759077999 0.047106450709470 0.062790519529023 0.078459095727405 0.094108313318552 0.109734311091019 0.125333233564141 0.140901231937191 0.156434465039723 
0.735584025003246 0.031410759078001 0.047106450709468 0.062790519529015 0.078459095727402 0.094108313318552 0.109734311091019 0.125333233564143 0.140901231937158 0.156434465039753 
0.723668402344013 0.031410759078016 0.047106450709468 0.062790519528982 0.078459095727397 0.094108313318552 0.109734311091019 0.125333233564107 0.140901231937200 0.156434465039701 
0.711621338393004 0.031410759078005 0.047106450709469 0.062790519529044 0.078459095727841 0.094108313318552 0.109734311091019 0.125333233564115 0.140901231937270 0.156434465040037 
0.699655760821085 0.031410759078001 0.047106450709468 0.062790519529084 0.078459095727407 0.094108313318552 0.109734311091019 0.125333233564177 0.140901231937142 0.156434465039869 
0.687676781917105 0.031410759078021 0.047106450709469 0.062790519528987 0.078459095727398 0.094108313318552 0.109734311091019 0.125333233564110 0.140901231937201 0.156434465039700 
0.676030697256576 0.031410759078002 0.047106450709468 0.062790519529096 0.078459095727399 0.094108313318552 0.109734311091019 0.125333233564184 0.140901231937133 0.156434465039754 
0.664522440892924 0.031410759078014 0.047106450709469 0.062790519529000 0.078459095727642 0.094108313318552 0.109734311091019 0.125333233564117 0.140901231937211 0.156434465039922 
0.652975437842747 0.031410759078001 0.047106450709470 0.062790519528795 0.078459095727407 0.094108313318552 0.109734311091019 0.125333233563977 0.140901231937189 0.156434465039906 
0.642090426311103 0.031410759078000 0.047106450709468 0.062790519529024 0.078459095727394 0.094108313318552 0.109734311091019 0.125333233564140 0.140901231937158 0.156434465039784 
0.630507742894213 0.031410759078041 0.047106450709469 0.062790519529021 0.078459095727402 0.094108313318552 0.109734311091019 0.125333233564126 0.140901231937202 0.156434465039773 
0.618705113791022 0.031410759078040 0.047106450709469 0.062790519529039 0.078459095727402 0.094108313318552 0.109734311091019 0.125333233564127 0.140901231937198 0.156434465039710 
0.607272404531257 0.031410759078007 0.047106450709469 0.062790519528995 0.078459095727397 0.094108313318552 0.109734311091019 0.125333233564117 0.140901231937185 0.156434465039717 
0.595448031127185 0.031410759078001 0.047106450709469 0.062790519529097 0.078459095727406 0.094108313318552 0.109734311091019 0.125333233564191 0.140901231937135 0.156434465039922 
0.583718626048041 0.031410759078001 0.047106450709468 0.062790519528748 0.078459095727407 0.094108313318552 0.109734311091019 0.125333233563977 0.140901231937111 0.156434465039930 
0.571654879427444 0.031410759078005 0.047106450709468 0.062790519528983 0.078459095727396 0.094108313318552 0.109734311091019 0.125333233564108 0.140901231937192 0.156434465039703 
0.559855779925197 0.031410759078083 0.047106450709470 0.062790519529047 0.078459095727408 0.094108313318552 0.109734311091019 0.125333233564152 0.140901231937224 0.156434465039726 
0.547694496759089 0.031410759078034 0.047106450709469 0.062790519529011 0.078459095727401 0.094108313318552 0.109734311091019 0.125333233564127 0.140901231937198 0.156434465039709 
0.535498004373957 0.031410759078001 0.047106450709468 0.062790519529037 0.078459095727400 0.094108313318552 0.109734311091019 0.125333233564148 0.140901231937160 0.156434465039817 
0.523806532818963 0.031410759077999 0.047106450709469 0.062790519529000 0.078459095727398 0.094108313318552 0.109734311091019 0.125333233564121 0.140901231937182 0.156434465039719 
0.512516291233477 0.031410759077998 0.047106450709470 0.062790519529040 0.078459095727406 0.094108313318552 0.109734311091019 0.125333233564147 0.140901231937178 0.156434465039715 
0.501513945110660 0.031410759078001 0.047106450709468 0.062790519528748 0.078459095727407 0.094108313318552 0.109734311091019 0.125333233563977 0.140901231937142 0.156434465040034 
0.490447660150463 0.031410759078001 0.047106450709468 0.062790519528748 0.078459095727407 0.094108313318552 0.109734311091019 0.125333233563977 0.140901231937143 0.156434465040172 
0.479370285205689 0.031410759078041 0.047106450709469 0.062790519529031 0.078459095727404 0.094108313318552 0.109734311091019 0.125333233564134 0.140901231937230 0.156434465040341 
0.468211273280041 0.031410759078030 0.047106450709469 0.062790519529034 0.078459095727404 0.094108313318552 0.109734311091019 0.125333233564134 0.140901231937181 0.156434465039712 
0.457072205365718 0.031410759078049 0.047106450709471 0.062790519529054 0.078459095727410 0.094108313318552 0.109734311091019 0.125333233564155 0.140901231937206 0.156434465039715 
0.445849337590051 0.031410759078039 0.047106450709470 0.062790519528980 0.078459095727404 0.094108313318552 0.109734311091019 0.125333233564137 0.140901231937179 0.156434465040507 
0.434318175735236 0.031410759078047 0.047106450709469 0.062790519529047 0.078459095727402 0.094108313318552 0.109734311091019 0.125333233564131 0.140901231937146 0.156434465039712 
0.422433879019557 0.031410759078047 0.047106450709469 0.062790519529047 0.078459095727402 0.094108313318552 0.109734311091019 0.125333233564131 0.140901231937146 0.156434465039712 
0.410580155235990 0.031410759077997 0.047106450709468 0.062790519529096 0.078459095727409 0.094108313318552 0.109734311091019 0.125333233564182 0.140901231937168 0.156434465039722 
0.399005239731588 0.031410759078051 0.047106450709469 0.062790519529190 0.078459095727809 0.094108313318552 0.109734311091019 0.125333233564127 0.140901231937363 0.156434465039759 
0.387087872039008 0.031410759078017 0.047106450709469 0.062790519529020 0.078459095727402 0.094108313318552 0.109734311091019 0.125333233564128 0.140901231937234 0.156434465039716 
0.375436722785653 0.031410759078056 0.047106450709469 0.062790519529050 0.078459095727402 0.094108313318552 0.109734311091019 0.125333233564130 0.140901231937140 0.156434465039711 
0.364349963054119 0.031410759078001 0.047106450709473 0.062790519529008 0.078459095727406 0.094108313318552 0.109734311091019 0.125333233564132 0.140901231937200 0.156434465039733 
0.354064891586948 0.031410759077999 0.047106450709469 0.062790519529089 0.078459095727405 0.094108313318552 0.109734311091019 0.125333233564148 0.140901231937274 0.156434465039728 
0.343417409741402 0.031410759078049 0.047106450709469 0.062790519529182 0.078459095727765 0.094108313318552 0.109734311091019 0.125333233564128 0.140901231937352 0.156434465039812 
0.332786838146200 0.031410759078043 0.047106450709469 0.062790519529203 0.078459095727812 0.094108313318552 0.109734311091019 0.125333233564129 0.140901231937342 0.156434465039884 
0.322340651578811 0.031410759078027 0.047106450709469 0.062790519529015 0.078459095727402 0.094108313318552 0.109734311091019 0.125333233564132 0.140901231937154 0.156434465039713 
0.311645166857575 0.031410759078020 0.047106450709469 0.062790519529022 0.078459095727402 0.094108313318552 0.109734311091019 0.125333233564129 0.140901231937227 0.156434465039716 
0.300523266412360 0.031410759078047 0.047106450709469 0.062790519529176 0.078459095727758 0.094108313318552 0.109734311091019 0.125333233564128 0.140901231937354 0.156434465039793 
0.289551106226732 0.031410759078029 0.047106450709474 0.062790519529148 0.078459095727722 0.094108313318552 0.109734311091019 0.125333233564129 0.140901231937350 0.156434465039767 
0.278707316711640 0.031410759078031 0.047106450709475 0.062790519529079 0.078459095727527 0.094108313318552 0.109734311091019 0.125333233564128 0.140901231937351 0.156434465039753 
0.268115055095476 0.031410759078012 0.047106450709469 0.062790519529021 0.078459095727402 0.094108313318552 0.109734311091019 0.125333233564131 0.140901231937195 0.156434465039715 
0.257720913078941 0.031410759078071 0.047106450709470 0.062790519529189 0.078459095727407 0.094108313318552 0.109734311091019 0.125333233564148 0.140901231937227 0.156434465039723 
0.247573434466538 0.031410759078012 0.047106450709469 0.062790519529021 0.078459095727402 0.094108313318552 0.109734311091019 0.125333233564131 0.140901231937195 0.156434465039715 
0.237511683184138 0.031410759078005 0.047106450709468 0.062790519529026 0.078459095727399 0.094108313318552 0.109734311091019 0.125333233564142 0.140901231937149 0.156434465039846 
0.227832301582301 0.031410759078001 0.047106450709468 0.062790519528963 0.078459095727407 0.094108313318552 0.109734311091019 0.125333233564105 0.140901231937180 0.156434465039690 
0.219077167283622 0.031410759078001 0.047106450709469 0.062790519529043 0.078459095727405 0.094108313318552 0.109734311091019 0.125333233564155 0.140901231937132 0.156434465039887 
0.210371687784113 0.031410759078001 0.047106450709468 0.062790519529152 0.078459095727407 0.094108313318552 0.109734311091019 0.125333233564218 0.140901231937142 0.156434465039783 
0.201600297334301 0.031410759078014 0.047106450709474 0.062790519529069 0.078459095727523 0.094108313318552 0.109734311091019 0.125333233564131 0.140901231937332 0.156434465039740 
0.192872363641112 0.031410759078001 0.047106450709470 0.062790519529019 0.078459095727401 0.094108313318552 0.109734311091019 0.125333233564134 0.140901231937298 0.156434465039727 
0.183967175445569 0.031410759078048 0.047106450709469 0.062790519529026 0.078459095727402 0.094108313318552 0.109734311091019 0.125333233564126 0.140901231937410 0.156434465039735 
0.175255385657948 0.031410759078000 0.047106450709470 0.062790519529013 0.078459095727402 0.094108313318552 0.109734311091019 0.125333233564133 0.140901231937408 0.156434465039745 
0.166550353705709 0.031410759077999 0.047106450709471 0.062790519529040 0.078459095727407 0.094108313318552 0.109734311091019 0.125333233564149 0.140901231937265 0.156434465039738 
0.157620141855584 0.031410759078001 0.047106450709468 0.062790519528748 0.078459095727407 0.094108313318552 0.109734311091019 0.125333233563977 0.140901231937143 0.156434465039550 
0.148812074773983 0.031410759078041 0.047106450709469 0.062790519529025 0.078459095727402 0.094108313318552 0.109734311091019 0.125333233564129 0.140901231937419 0.156434465039736 
0.140142322448257 0.031410759077999 0.047106450709470 0.062790519529027 0.078459095727402 0.094108313318552 0.109734311091019 0.125333233564141 0.140901231937441 0.156434465039739 
0.131486931513987 0.031410759078000 0.047106450709469 0.062790519528997 0.078459095727397 0.094108313318552 0.109734311091019 0.125333233564124 0.140901231937539 0.156434465039748 
0.123183104313994 0.031410759078000 0.047106450709470 0.062790519529013 0.078459095727400 0.094108313318552 0.109734311091019 0.125333233564133 0.140901231937494 0.156434465039744 
0.114732119760541 0.031410759077997 0.047106450709470 0.062790519529012 0.078459095727400 0.094108313318552 0.109734311091019 0.125333233564131 0.140901231937321 0.156434465039728 
0.106605354614915 0.031410759077998 0.047106450709474 0.062790519529082 0.078459095727425 0.094108313318552 0.109734311091019 0.125333233564174 0.140901231937165 0.156434465039748 
0.098587882767349 0.031410759077999 0.047106450709470 0.062790519529033 0.078459095727407 0.094108313318552 0.109734311091019 0.125333233564145 0.140901231937415 0.156434465039746 
0.090478455335445 0.031410759077975 0.047106450709468 0.062790519528748 0.078459095727407 0.094108313318552 0.109734311091019 0.125333233563977 0.140901231937143 0.156434465039402 
0.082317619776028 0.031410759077999 0.047106450709470 0.062790519529021 0.078459095727402 0.094108313318552 0.109734311091019 0.125333233564138 0.140901231937463 0.156434465039742 
0.074319883201326 0.031410759078000 0.047106450709470 0.062790519529009 0.078459095727399 0.094108313318552 0.109734311091019 0.125333233564131 0.140901231937507 0.156434465039745 
0.066521772904434 0.031410759078006 0.047106450709468 0.062790519529011 0.078459095727408 0.094108313318552 0.109734311091019 0.125333233564133 0.140901231937147 0.156434465039860 
0.059065127578574 0.031410759077999 0.047106450709472 0.062790519529086 0.078459095727428 0.094108313318552 0.109734311091019 0.125333233564176 0.140901231937159 0.156434465039763 
0.052270572018893 0.031410759077998 0.047106450709470 0.062790519529014 0.078459095727400 0.094108313318552 0.109734311091019 0.125333233564132 0.140901231937340 0.156434465039730 
0.045908095849159 0.031410759078007 0.047106450709468 0.062790519529110 0.078459095727411 0.094108313318552 0.109734311091019 0.125333233564181 0.140901231937133 0.156434465039892 
0.039928036764300 0.031410759078009 0.047106450709468 0.062790519529071 0.078459095727409 0.094108313318552 0.109734311091019 0.125333233564157 0.140901231937139 0.156434465039855 
0.034380167719489 0.031410759077977 0.047106450709457 0.062790519529003 0.078459095727399 0.094108313318552 0.109734311091019 0.125333233564134 0.140901231937319 0.156434465039738 
0.029215354575661 0.031410759078001 0.047106450709468 0.062790519528748 0.078459095727407 0.094108313318552 0.109734311091019 0.125333233563977 0.140901231937143 0.156434465039402 
0.024172064889091 0.031410759077990 0.047106450709470 0.062790519529016 0.078459095727401 0.094108313318552 0.109734311091019 0.125333233564136 0.140901231937313 0.156434465039732 
0.019354793610751 0.031410759078001 0.047106450709468 0.062790519528748 0.078459095727407 0.094108313318552 0.109734311091019 0.125333233563977 0.140901231937143 0.156434465039402 
0.015019891959759 0.031410759077998 0.047106450709471 0.062790519529052 0.078459095727409 0.094108313318552 0.109734311091019 0.125333233564156 0.140901231937330 0.156434465039737 
0.011216889277915 0.031410759077998 0.047106450709470 0.062790519529046 0.078459095727405 0.094108313318552 0.109734311091019 0.125333233564152 0.140901231937371 0.156434465039734 
0.007905437253124 0.031410759077998 0.047106450709470 0.062790519529047 0.078459095727405 0.094108313318552 0.109734311091019 0.125333233564153 0.140901231937370 0.156434465039733 
0.004817463882681 0.031410759077999 0.047106450709470 0.062790519529025 0.078459095727403 0.094108313318552 0.109734311091019 0.125333233564141 0.140901231937439 0.156434465039743 
0.001580574493384 0.031410759078007 0.047106450709468 0.062790519529079 0.078459095727392 0.094108313318552 0.109734311091019 0.125333233564168 0.140901231937135 0.156434465039905 
0.000000000000000 0.031410759077998 0.047106450709470 0.062790519529046 0.078459095727406 0.094108313318552 0.109734311091019 0.125333233564153 0.140901231937373 0.156434465039734 
0.000000000000000 0.031410759078001 0.047106450709470 0.062790519529005 0.078459095727407 0.094108313318552 0.109734311091019 0.125333233564129 0.140901231937486 0.156434465039767 
