1.000000000000000 0.031410759078030 0.047106450709469 0.062790519529172 0.078459095727799 0.094108313318552 0.109734311091019 0.125333233564193 0.140901231937420 0.156434465040166 
0.985669648685044 0.031410759078001 0.047106450709468 0.062790519528748 0.078459095727407 0.094108313318552 0.109734311091019 0.125333233563977 0.140901231937108 0.156434465039402 
0.971216841384540 0.031410759078001 0.047106450709467 0.062790519528748 0.078459095727407 0.094108313318552 0.109734311091019 0.125333233563977 0.140901231937193 0.156434465039947 
0.957479396875049 0.031410759078033 0.047106450709471 0.062790519529137 0.078459095727789 0.094108313318552 0.109734311091019 0.125333233564203 0.140901231937401 0.156434465040124 
0.943793417802234 0.031410759078031 0.047106450709480 0.062790519529135 0.078459095727783 0.094108313318552 0.109734311091019 0.125333233564185 0.140901231937374 0.156434465040056 
0.930253755037144 0.031410759078000 0.047106450709468 0.062790519528973 0.078459095727397 0.094108313318552 0.109734311091019 0.125333233564112 0.140901231937174 0.156434465039689 
0.916665030914694 0.031410759078035 0.047106450709468 0.062790519529153 0.078459095727825 0.094108313318552 0.109734311091019 0.125333233564127 0.140901231937286 0.156434465039929 
0.903160794629891 0.031410759078031 0.047106450709469 0.062790519529132 0.078459095727798 0.094108313318552 0.109734311091019 0.125333233564184 0.140901231937399 0.156434465040112 
0.889353459690423 0.031410759078030 0.047106450709469 0.062790519529117 0.078459095727799 0.094108313318552 0.109734311091019 0.125333233564193 0.140901231937423 0.156434465040163 
0.875665719902154 0.031410759078031 0.047106450709480 0.062790519529135 0.078459095727783 0.094108313318552 0.109734311091019 0.125333233564184 0.140901231937373 0.156434465040058 
0.861792425341762 0.031410759078000 0.047106450709470 0.062790519529049 0.078459095727401 0.094108313318552 0.109734311091019 0.125333233564156 0.140901231937159 0.156434465039773 
0.848145060542257 0.031410759078030 0.047106450709468 0.062790519529254 0.078459095727801 0.094108313318552 0.109734311091019 0.125333233564192 0.140901231937416 0.156434465040166 
0.834636486913076 0.031410759078030 0.047106450709468 0.062790519529267 0.078459095727801 0.094108313318552 0.109734311091019 0.125333233564192 0.140901231937416 0.156434465040166 
0.821160096107987 0.031410759078030 0.047106450709469 0.062790519529119 0.078459095727798 0.094108313318552 0.109734311091019 0.125333233564193 0.140901231937422 0.156434465040161 
0.807962241561157 0.031410759078030 0.047106450709467 0.062790519529312 0.078459095727802 0.094108313318552 0.109734311091019 0.125333233564192 0.140901231937416 0.156434465040166 
0.794831998009288 0.031410759078030 0.047106450709467 0.062790519529285 0.078459095727801 0.094108313318552 0.109734311091019 0.125333233564192 0.140901231937416 0.156434465040166 
0.781942450387069 0.031410759078030 0.047106450709469 0.062790519529127 0.078459095727797 0.094108313318552 0.109734311091019 0.125333233564191 0.140901231937418 0.156434465040153 
0.770277927821888 0.031410759078030 0.047106450709467 0.062790519529240 0.078459095727801 0.094108313318552 0.109734311091019 0.125333233564192 0.140901231937415 0.156434465040166 
0.758492025733353 0.031410759078030 0.047106450709469 0.062790519529207 0.078459095727799 0.094108313318552 0.109734311091019 0.125333233564193 0.140901231937419 0.156434465040165 
0.746468847901059 0.031410759078032 0.047106450709472 0.062790519529136 0.078459095727792 0.094108313318552 0.109734311091019 0.125333233564190 0.140901231937394 0.156434465040114 
0.734691462081696 0.031410759078032 0.047106450709425 0.062790519529137 0.078459095727777 0.094108313318552 0.109734311091019 0.125333233564172 0.140901231937400 0.156434465040085 
0.722962513925218 0.031410759078030 0.047106450709468 0.062790519529117 0.078459095727799 0.094108313318552 0.109734311091019 0.125333233564192 0.140901231937421 0.156434465040161 
0.711306506832472 0.031410759078030 0.047106450709469 0.062790519529127 0.078459095727797 0.094108313318552 0.109734311091019 0.125333233564192 0.140901231937420 0.156434465040158 
0.699631808536225 0.031410759078030 0.047106450709469 0.062790519529251 0.078459095727799 0.094108313318552 0.109734311091019 0.125333233564194 0.140901231937421 0.156434465040166 
0.687863511598203 0.031410759078030 0.047106450709475 0.062790519529135 0.078459095727783 0.094108313318552 0.109734311091019 0.125333233564185 0.140901231937393 0.156434465040050 
0.676188230970005 0.031410759078032 0.047106450709469 0.062790519529136 0.078459095727799 0.094108313318552 0.109734311091019 0.125333233564178 0.140901231937383 0.156434465040079 
0.664660578698435 0.031410759078030 0.047106450709469 0.062790519529241 0.078459095727799 0.094108313318552 0.109734311091019 0.125333233564193 0.140901231937420 0.156434465040166 
0.653118264897614 0.031410759078029 0.047106450709473 0.062790519529134 0.078459095727790 0.094108313318552 0.109734311091019 0.125333233564122 0.140901231937326 0.156434465040049 
0.641718912328638 0.031410759078031 0.047106450709469 0.062790519529111 0.078459095727722 0.094108313318552 0.109734311091019 0.125333233564125 0.140901231937282 0.156434465040255 
0.630155652689675 0.031410759078032 0.047106450709469 0.062790519529136 0.078459095727799 0.094108313318552 0.109734311091019 0.125333233564178 0.140901231937384 0.156434465040078 
0.618691712326372 0.031410759078030 0.047106450709469 0.062790519529127 0.078459095727797 0.094108313318552 0.109734311091019 0.125333233564191 0.140901231937417 0.156434465040189 
0.607052707360084 0.031410759078015 0.047106450709469 0.062790519529117 0.078459095728001 0.094108313318552 0.109734311091019 0.125333233564114 0.140901231937330 0.156434465039891 
0.595290707440128 0.031410759078030 0.047106450709471 0.062790519529134 0.078459095727783 0.094108313318552 0.109734311091019 0.125333233564186 0.140901231937412 0.156434465040046 
0.583524586407760 0.031410759078029 0.047106450709472 0.062790519529135 0.078459095727791 0.094108313318552 0.109734311091019 0.125333233564196 0.140901231937432 0.156434465040158 
0.571594003032913 0.031410759078030 0.047106450709469 0.062790519529157 0.078459095727798 0.094108313318552 0.109734311091019 0.125333233564193 0.140901231937421 0.156434465040165 
0.559614356989022 0.031410759078030 0.047106450709468 0.062790519529238 0.078459095727800 0.094108313318552 0.109734311091019 0.125333233564192 0.140901231937415 0.156434465040164 
0.547775283504960 0.031410759078030 0.047106450709469 0.062790519529125 0.078459095727797 0.094108313318552 0.109734311091019 0.125333233564193 0.140901231937422 0.156434465040158 
0.536270232343147 0.031410759078030 0.047106450709469 0.062790519529163 0.078459095727798 0.094108313318552 0.109734311091019 0.125333233564194 0.140901231937422 0.156434465040166 
0.524449534313619 0.031410759078030 0.047106450709469 0.062790519529165 0.078459095727799 0.094108313318552 0.109734311091019 0.125333233564193 0.140901231937421 0.156434465040166 
0.513058360824460 0.031410759078028 0.047106450709474 0.062790519529127 0.078459095727792 0.094108313318552 0.109734311091019 0.125333233564201 0.140901231937512 0.156434465040173 
0.501674827377261 0.031410759078030 0.047106450709469 0.062790519529155 0.078459095727799 0.094108313318552 0.109734311091019 0.125333233564193 0.140901231937421 0.156434465040166 
0.490361180819098 0.031410759078030 0.047106450709469 0.062790519529153 0.078459095727799 0.094108313318552 0.109734311091019 0.125333233564193 0.140901231937420 0.156434465040166 
0.479204596844624 0.031410759078030 0.047106450709469 0.062790519529157 0.078459095727799 0.094108313318552 0.109734311091019 0.125333233564193 0.140901231937419 0.156434465040165 
0.467783109977651 0.031410759078029 0.047106450709471 0.062790519529131 0.078459095727793 0.094108313318552 0.109734311091019 0.125333233564195 0.140901231937425 0.156434465040160 
0.456443917485656 0.031410759078029 0.047106450709470 0.062790519529124 0.078459095727796 0.094108313318552 0.109734311091019 0.125333233564195 0.140901231937425 0.156434465040165 
0.445115373039124 0.031410759078029 0.047106450709470 0.062790519529123 0.078459095727796 0.094108313318552 0.109734311091019 0.125333233564195 0.140901231937424 0.156434465040165 
0.433525994175582 0.031410759078030 0.047106450709470 0.062790519529270 0.078459095727798 0.094108313318552 0.109734311091019 0.125333233564194 0.140901231937423 0.156434465040166 
0.421846316152753 0.031410759078029 0.047106450709470 0.062790519529121 0.078459095727797 0.094108313318552 0.109734311091019 0.125333233564195 0.140901231937426 0.156434465040166 
0.410327567428941 0.031410759078030 0.047106450709470 0.062790519529133 0.078459095727798 0.094108313318552 0.109734311091019 0.125333233564194 0.140901231937423 0.156434465040166 
0.398842225865794 0.031410759078028 0.047106450709474 0.062790519529132 0.078459095727789 0.094108313318552 0.109734311091019 0.125333233564198 0.140901231937540 0.156434465040009 
0.387345361464363 0.031410759078029 0.047106450709465 0.062790519529130 0.078459095727788 0.094108313318552 0.109734311091019 0.125333233564193 0.140901231937439 0.156434465040033 
0.376070999769692 0.031410759078028 0.047106450709473 0.062790519529130 0.078459095727789 0.094108313318552 0.109734311091019 0.125333233564200 0.140901231937443 0.156434465040155 
0.364951727545776 0.031410759078029 0.047106450709474 0.062790519529133 0.078459095727787 0.094108313318552 0.109734311091019 0.125333233564194 0.140901231937438 0.156434465040024 
0.354108688152409 0.031410759078030 0.047106450709469 0.062790519529132 0.078459095727798 0.094108313318552 0.109734311091019 0.125333233564194 0.140901231937422 0.156434465040166 
0.343280870647795 0.031410759078029 0.047106450709470 0.062790519529124 0.078459095727796 0.094108313318552 0.109734311091019 0.125333233564195 0.140901231937423 0.156434465040165 
0.332530905923423 0.031410759078030 0.047106450709469 0.062790519529065 0.078459095727798 0.094108313318552 0.109734311091019 0.125333233564193 0.140901231937419 0.156434465040162 
0.321807748599987 0.031410759078028 0.047106450709474 0.062790519529132 0.078459095727788 0.094108313318552 0.109734311091019 0.125333233564199 0.140901231937459 0.156434465040005 
0.311136395418023 0.031410759078027 0.047106450709474 0.062790519529130 0.078459095727799 0.094108313318552 0.109734311091019 0.125333233564190 0.140901231937326 0.156434465040028 
0.300221360655349 0.031410759078026 0.047106450709475 0.062790519529132 0.078459095727779 0.094108313318552 0.109734311091019 0.125333233564218 0.140901231937340 0.156434465040005 
0.289461037875417 0.031410759078026 0.047106450709474 0.062790519529169 0.078459095727775 0.094108313318552 0.109734311091019 0.125333233564203 0.140901231937461 0.156434465040146 
0.278759005883983 0.031410759078031 0.047106450709480 0.062790519529146 0.078459095727724 0.094108313318552 0.109734311091019 0.125333233564068 0.140901231937342 0.156434465039943 
0.268322962903695 0.031410759078029 0.047106450709471 0.062790519529133 0.078459095727793 0.094108313318552 0.109734311091019 0.125333233564194 0.140901231937420 0.156434465040160 
0.258166339759068 0.031410759078030 0.047106450709470 0.062790519529130 0.078459095727798 0.094108313318552 0.109734311091019 0.125333233564194 0.140901231937423 0.156434465040166 
0.248089019113712 0.031410759078029 0.047106450709470 0.062790519529153 0.078459095727795 0.094108313318552 0.109734311091019 0.125333233564194 0.140901231937422 0.156434465040163 
0.238182295554141 0.031410759078030 0.047106450709470 0.062790519529124 0.078459095727796 0.094108313318552 0.109734311091019 0.125333233564194 0.140901231937420 0.156434465040165 
0.228747610732402 0.031410759078025 0.047106450709477 0.062790519529206 0.078459095727757 0.094108313318552 0.109734311091019 0.125333233564202 0.140901231937469 0.156434465040084 
0.219635650799062 0.031410759078028 0.047106450709472 0.062790519529125 0.078459095727792 0.094108313318552 0.109734311091019 0.125333233564200 0.140901231937459 0.156434465040168 
0.210371687784113 0.031410759078001 0.047106450709468 0.062790519529152 0.078459095727407 0.094108313318552 0.109734311091019 0.125333233564218 0.140901231937142 0.156434465039783 
0.201300143014600 0.031410759078029 0.047106450709481 0.062790519529131 0.078459095727720 0.094108313318552 0.109734311091019 0.125333233564054 0.140901231937339 0.156434465040188 
0.192546904436596 0.031410759078028 0.047106450709477 0.062790519529133 0.078459095727778 0.094108313318552 0.109734311091019 0.125333233564101 0.140901231937331 0.156434465040007 
0.183783391638526 0.031410759078029 0.047106450709471 0.062790519529131 0.078459095727794 0.094108313318552 0.109734311091019 0.125333233564195 0.140901231937421 0.156434465040161 
0.175080143951415 0.031410759078030 0.047106450709470 0.062790519529106 0.078459095727798 0.094108313318552 0.109734311091019 0.125333233564194 0.140901231937423 0.156434465040166 
0.166367148856316 0.031410759078080 0.047106450709481 0.062790519529127 0.078459095727733 0.094108313318552 0.109734311091019 0.125333233564059 0.140901231937336 0.156434465039932 
0.157564207834555 0.031410759078030 0.047106450709470 0.062790519529122 0.078459095727797 0.094108313318552 0.109734311091019 0.125333233564194 0.140901231937423 0.156434465040166 
0.148759610835071 0.031410759078025 0.047106450709484 0.062790519529191 0.078459095727766 0.094108313318552 0.109734311091019 0.125333233564204 0.140901231937469 0.156434465040135 
0.140054016926192 0.031410759078028 0.047106450709478 0.062790519529130 0.078459095727753 0.094108313318552 0.109734311091019 0.125333233564125 0.140901231937403 0.156434465039974 
0.131321865541498 0.031410759078030 0.047106450709469 0.062790519529128 0.078459095727798 0.094108313318552 0.109734311091019 0.125333233564194 0.140901231937423 0.156434465040166 
0.122841599095861 0.031410759078026 0.047106450709479 0.062790519529180 0.078459095727770 0.094108313318552 0.109734311091019 0.125333233564202 0.140901231937459 0.156434465040130 
0.114572979406471 0.031410759078030 0.047106450709469 0.062790519529128 0.078459095727798 0.094108313318552 0.109734311091019 0.125333233564194 0.140901231937423 0.156434465040166 
0.106327481599514 0.031410759078030 0.047106450709470 0.062790519529125 0.078459095727798 0.094108313318552 0.109734311091019 0.125333233564194 0.140901231937422 0.156434465040166 
0.098275301073169 0.031410759078025 0.047106450709483 0.062790519529199 0.078459095727762 0.094108313318552 0.109734311091019 0.125333233564205 0.140901231937473 0.156434465040122 
0.090099841875153 0.031410759078030 0.047106450709470 0.062790519529131 0.078459095727797 0.094108313318552 0.109734311091019 0.125333233564194 0.140901231937422 0.156434465040167 
0.082255466629466 0.031410759078028 0.047106450709483 0.062790519529130 0.078459095727686 0.094108313318552 0.109734311091019 0.125333233564033 0.140901231937453 0.156434465039909 
0.074534926313720 0.031410759078022 0.047106450709480 0.062790519529136 0.078459095727721 0.094108313318552 0.109734311091019 0.125333233564206 0.140901231937480 0.156434465039930 
0.067015795306258 0.031410759078030 0.047106450709470 0.062790519529128 0.078459095727798 0.094108313318552 0.109734311091019 0.125333233564194 0.140901231937423 0.156434465040166 
0.059843220674464 0.031410759078030 0.047106450709470 0.062790519529123 0.078459095727798 0.094108313318552 0.109734311091019 0.125333233564194 0.140901231937422 0.156434465040166 
0.052902741565502 0.031410759078025 0.047106450709482 0.062790519529195 0.078459095727763 0.094108313318552 0.109734311091019 0.125333233564205 0.140901231937471 0.156434465040121 
0.046521398989779 0.031410759078026 0.047106450709479 0.062790519529177 0.078459095727772 0.094108313318552 0.109734311091019 0.125333233564202 0.140901231937457 0.156434465040132 
0.040423116302194 0.031410759078030 0.047106450709470 0.062790519529160 0.078459095727797 0.094108313318552 0.109734311091019 0.125333233564194 0.140901231937422 0.156434465040166 
0.034628290134137 0.031410759078023 0.047106450709483 0.062790519529130 0.078459095727693 0.094108313318552 0.109734311091019 0.125333233564242 0.140901231937561 0.156434465039891 
0.029215354575661 0.031410759078001 0.047106450709468 0.062790519528748 0.078459095727407 0.094108313318552 0.109734311091019 0.125333233563977 0.140901231937143 0.156434465039402 
0.024057932620780 0.031410759078030 0.047106450709470 0.062790519529127 0.078459095727798 0.094108313318552 0.109734311091019 0.125333233564194 0.140901231937421 0.156434465040167 
0.019357290885263 0.031410759078029 0.047106450709490 0.062790519529173 0.078459095727800 0.094108313318552 0.109734311091019 0.125333233564126 0.140901231937364 0.156434465039780 
0.015019891959759 0.031410759077998 0.047106450709471 0.062790519529052 0.078459095727409 0.094108313318552 0.109734311091019 0.125333233564156 0.140901231937330 0.156434465039737 
0.011119976585074 0.031410759078022 0.047106450709480 0.062790519529130 0.078459095727720 0.094108313318552 0.109734311091019 0.125333233564212 0.140901231937483 0.156434465039929 
0.007631773044329 0.031410759078030 0.047106450709469 0.062790519529113 0.078459095727798 0.094108313318552 0.109734311091019 0.125333233564194 0.140901231937420 0.156434465040166 
0.004427075907065 0.031410759078022 0.047106450709480 0.062790519529130 0.078459095727719 0.094108313318552 0.109734311091019 0.125333233564217 0.140901231937484 0.156434465039928 
0.001758637668898 0.031410759078016 0.047106450709484 0.062790519529101 0.078459095727617 0.094108313318552 0.109734311091019 0.125333233564129 0.140901231937346 0.156434465039755 
0.000432376810741 0.031410759078026 0.047106450709485 0.062790519529130 0.078459095727666 0.094108313318552 0.109734311091019 0.125333233564006 0.140901231937612 0.156434465039854 
0.000000000000000 0.031410759078020 0.047106450709483 0.062790519529130 0.078459095727694 0.094108313318552 0.109734311091019 0.125333233564230 0.140901231937497 0.156434465039895 
