1.0000000000000007 0.0000000000000005 
0.9856696486850536 0.0071910311217867 
0.9712168413845477 0.0144966558227628 
0.9574793968750511 0.0214912382226490 
0.9437934178022359 0.0285096923786468 
0.9302222839158449 0.0355196819448086 
0.9166650309146976 0.0425737464876538 
0.9031607946298924 0.0496522769902119 
0.8893534596904238 0.0569446147280527 
0.8756657199021551 0.0642298787083706 
0.8617924253417664 0.0716722425017382 
0.8481450605422577 0.0790520858689914 
0.8346364869130770 0.0864155830394901 
0.8211600961079878 0.0938211566649853 
0.8079622415611578 0.1011328009315527 
0.7954461967513050 0.1081220953789115 
0.7826293167494744 0.1153366082235161 
0.7702779278218886 0.1223452114744166 
0.7584920257333541 0.1290855232955694 
0.7464688479010608 0.1360157131631073 
0.7346914620816973 0.1428585518820754 
0.7229625139252187 0.1497279765126832 
0.7113065068324728 0.1566101098350360 
0.6996318085362260 0.1635600388932726 
0.6878635115982040 0.1706246256379441 
0.6761882309700064 0.1776933473636477 
0.6646605786984354 0.1847328176000009 
0.6531839941706146 0.1918020080632390 
0.6416259574537000 0.1989844212166042 
0.6301556526896763 0.2061765607582046 
0.6186891427380712 0.2134320482386346 
0.6070527073600878 0.2208641277927971 
0.5952907074401289 0.2284491543390512 
0.5835245864077613 0.2361121899076024 
0.5715940030329142 0.2439616391789949 
0.5596143569890231 0.2519262355963679 
0.5477752835049609 0.2598815746754048 
0.5359692289511968 0.2679008066175763 
0.5244957799422810 0.2757791911700690 
0.5130583608244608 0.2837190768808245 
0.5016748273772614 0.2917099270939484 
0.4904624719636820 0.2996697407910460 
0.4792045968446249 0.3077539477580076 
0.4677831099776519 0.3160532842555278 
0.4564439174856569 0.3243936667809760 
0.4450584936787024 0.3328729553685437 
0.4334220895848762 0.3416519996347867 
0.4218463161527540 0.3505030283729171 
0.4103275674289416 0.3594318401380380 
0.3988422258657962 0.3684604320663729 
0.3873453614643641 0.3776292411557552 
0.3760709997696933 0.3867537201338352 
0.3650391993743613 0.3958152605581964 
0.3541086881524102 0.4049296779771244 
0.3432808706477964 0.4140982414706416 
0.3325309059234243 0.4233450720548532 
0.3218077485999886 0.4327189862158390 
0.3111363954180257 0.4422039840425344 
0.3002382302908322 0.4520600121447322 
0.2894610378754188 0.4619841657763071 
0.2787590058839861 0.4720236692009949 
0.2683672024294875 0.4819583004916628 
0.2581663397590686 0.4918992818750723 
0.2480935591940754 0.5019100892468568 
0.2384404472741625 0.5116963575047168 
0.2287476107324039 0.5217243360441584 
0.2194608216863949 0.5315335426240276 
0.2103716877841209 0.5413370651730138 
0.2013001430146037 0.5513351551384946 
0.1924297081910888 0.5613318928949955 
0.1837695279302091 0.5713165177777338 
0.1750801439514160 0.5815742073540223 
0.1663671488563195 0.5921187073959940 
0.1575642078345562 0.6030564173153131 
0.1487596108350732 0.6143063251295521 
0.1400540169261945 0.6257620851300727 
0.1313218655414987 0.6376164110483233 
0.1228415990958620 0.6495123410220268 
0.1144595631916248 0.6616812698184983 
0.1063274815995147 0.6739210500515044 
0.0982753010731711 0.6865110830138187 
0.0900998418751539 0.6998336429991651 
0.0822554666294693 0.7131978615326156 
0.0745349263137227 0.7269891461613298 
0.0670157953062588 0.7411259083912457 
0.0598432206744650 0.7553712595084872 
0.0529712809860710 0.7698450934998992 
0.0465213989897803 0.7843118014591931 
0.0404231163021946 0.7989449918500081 
0.0346282901341399 0.8139132188087063 
0.0292153545756707 0.8290750030696011 
0.0240579326207808 0.8448938021200320 
0.0193572908852680 0.8608695184897927 
0.0150198919597646 0.8774443311806523 
0.0111199765850762 0.8945487004106948 
0.0076317730443298 0.9126399802865821 
0.0044270759070676 0.9334637248783445 
0.0017586376689031 0.9580638858631575 
0.0004323768107449 0.9792063276273595 
0.0000000000000005 1.0000000000000007 
