1.0000000000000036 0.0000000000000040 
0.9856696486850536 0.0071910311217867 
0.9712168413845477 0.0144966558227628 
0.9572691661455655 0.0215986681603751 
0.9434859717840748 0.0286679394851328 
0.9302537550371499 0.0355033670161770 
0.9173074664078840 0.0422383039566320 
0.9035758420540181 0.0494339359865600 
0.8898245976487567 0.0566948544353538 
0.8758767516146717 0.0641171271923748 
0.8617924253417664 0.0716722425017382 
0.8474889450634300 0.0794083722608513 
0.8336998112537297 0.0869283646647889 
0.8200181099390385 0.0944514867004488 
0.8061637378343856 0.1021337862273830 
0.7929314877204124 0.1095329945919436 
0.7802759967729329 0.1166676747831992 
0.7684100554188127 0.1234099844175736 
0.7572741229977979 0.1297850133456759 
0.7463837239389325 0.1360649770156794 
0.7355840250032520 0.1423380473617619 
0.7236684023440173 0.1493129821467802 
0.7116213383930078 0.1564234839725576 
0.6996557608210916 0.1635457210217223 
0.6876767819171095 0.1707372057561624 
0.6760306972565817 0.1777891406357097 
0.6645224408929274 0.1848175413486151 
0.6529754378427546 0.1919310438813227 
0.6420904263111090 0.1986945486825303 
0.6305077428942173 0.2059548231402659 
0.6187051137910258 0.2134218959372089 
0.6072724045312614 0.2207231528325447 
0.5954480311271915 0.2283472081776849 
0.5837186260480494 0.2359851925204431 
0.5716548794274482 0.2439213801280738 
0.5598557799252021 0.2517648899408755 
0.5476944967590932 0.2599361535927576 
0.5354980043739630 0.2682227084871066 
0.5238065328189687 0.2762552018708831 
0.5125162912334827 0.2840975686355924 
0.5015139451106685 0.2918235070897616 
0.4904476601504712 0.2996803157482665 
0.4793702852056928 0.3076342836291769 
0.4682112732800458 0.3157403465934619 
0.4570722053657233 0.3239288459298738 
0.4458493375900554 0.3322804948258247 
0.4343181757352405 0.3409717944312017 
0.4224338790195610 0.3500508642827880 
0.4105801552359966 0.3592347112741023 
0.3990052397315917 0.3683313845602398 
0.3870878720390131 0.3778361373086643 
0.3754367227856578 0.3872710854010170 
0.3643499630541253 0.3963859154607868 
0.3540648915869541 0.4049664786023034 
0.3434174097414059 0.4139817325872866 
0.3327868381462040 0.4231232036680652 
0.3223406515788156 0.4322494812166124 
0.3116451668575803 0.4417481152225539 
0.3005232664123638 0.4517999759099270 
0.2895511062267368 0.4619004681039676 
0.2787073167116447 0.4720726217445840 
0.2681150550954809 0.4822017235491491 
0.2577209130789457 0.4923377962868062 
0.2475734344665424 0.5024324825046017 
0.2375116831841441 0.5126482962129607 
0.2278323015823078 0.5226821796933483 
0.2190771672836286 0.5319432007933076 
0.2103716877841209 0.5413370651730138 
0.2016002973343052 0.5510007824791920 
0.1928723636411173 0.5608276378901915 
0.1839671754455745 0.5710860512345566 
0.1752553856579534 0.5813648537712780 
0.1665503537057151 0.5918941881010451 
0.1576201418555921 0.6029859676842944 
0.1488120747739887 0.6142383186811061 
0.1401423224482626 0.6256441232620309 
0.1314869315139923 0.6373887322297017 
0.1231831043140002 0.6490254933560110 
0.1147321197605466 0.6612786989861149 
0.1066053546149212 0.6734952456473087 
0.0985878827673546 0.6860129257957487 
0.0904784553354546 0.6992036314457258 
0.0823176197760334 0.7130895265487418 
0.0743198832013311 0.7273832668354285 
0.0665217729044406 0.7420818484394123 
0.0590651275785796 0.7569668179474851 
0.0522705720188983 0.7713724163210142 
0.0459080958491659 0.7857382538828831 
0.0399280367643066 0.8001799890794299 
0.0343801677194951 0.8145811020432707 
0.0292153545756707 0.8290750030696011 
0.0241720648890963 0.8445263209122209 
0.0193547936107600 0.8608784933565349 
0.0150198919597646 0.8774443311806523 
0.0112168892779208 0.8940901832788203 
0.0079054372531303 0.9110874741494566 
0.0048174638826869 0.9305920474103974 
0.0015805744933915 0.9602435603532723 
0.0000000000000059 1.0000000000000047 
0.0000000000000052 1.0000000000000053 
