1.0000000000000022 0.0000000000000007 
0.9856696486850536 0.0071910311217867 
0.9712168413845477 0.0144966558227628 
0.9574793968750511 0.0214912382226490 
0.9437934178022359 0.0285096923786468 
0.9302537550371499 0.0355033670161770 
0.9166650309146976 0.0425737464876538 
0.9031607946298924 0.0496522769902119 
0.8893534596904238 0.0569446147280527 
0.8756657199021551 0.0642298787083706 
0.8617924253417664 0.0716722425017382 
0.8480659709013426 0.0790950261284616 
0.8344058931512558 0.0865417945241000 
0.8211600961079878 0.0938211566649853 
0.8078445175361255 0.1011982879766400 
0.7947398825667422 0.1085181535405561 
0.7819424503870696 0.1157249011834231 
0.7694995645628405 0.1227887571611762 
0.7580137109505360 0.1293601715114743 
0.7464688479010608 0.1360157131631073 
0.7346914620816973 0.1428585518820754 
0.7229625139252187 0.1497279765126832 
0.7113065068324728 0.1566101098350360 
0.6996528071357028 0.1635474866224023 
0.6878635115982040 0.1706246256379441 
0.6761882309700064 0.1776933473636477 
0.6645224408929274 0.1848175413486151 
0.6531182648976172 0.1918426731770538 
0.6417189123286416 0.1989264001799628 
0.6301556526896763 0.2061765607582046 
0.6186917123263725 0.2134304148224586 
0.6070527073600878 0.2208641277927971 
0.5952907074401289 0.2284491543390512 
0.5835245864077613 0.2361121899076024 
0.5718099195109198 0.2438188580036436 
0.5597608936982121 0.2518282993201295 
0.5477752835049609 0.2598815746754048 
0.5358983848622485 0.2679491924311243 
0.5245118488461465 0.2757680973292159 
0.5130583608244608 0.2837190768808245 
0.5015577610829749 0.2917925719939313 
0.4903863537617681 0.2997240874042848 
0.4792075969487086 0.3077517808266269 
0.4677831099776519 0.3160532842555278 
0.4564439174856569 0.3243936667809760 
0.4451153730391252 0.3328303266491175 
0.4335894977255540 0.3415248693188551 
0.4218463161527540 0.3505030283729171 
0.4104589693445257 0.3593292816551372 
0.3988422258657962 0.3684604320663729 
0.3873453614643641 0.3776292411557552 
0.3760709997696933 0.3867537201338352 
0.3649517275457774 0.3958876532086317 
0.3541441776195481 0.4048998591669246 
0.3434417904235323 0.4139609309751350 
0.3326540347730744 0.4232383206444171 
0.3218077485999886 0.4327189862158390 
0.3111363954180257 0.4422039840425344 
0.3002213606553509 0.4520754060499314 
0.2894610378754188 0.4619841657763071 
0.2787590058839861 0.4720236692009949 
0.2681150550954809 0.4822017235491491 
0.2580282483807290 0.4920351898204688 
0.2481075767885828 0.5018960180960395 
0.2381822955541423 0.5119607643291980 
0.2287476107324039 0.5217243360441584 
0.2196356507990628 0.5313469825136504 
0.2103716877841209 0.5413370651730138 
0.2013001430146037 0.5513351551384946 
0.1925469044365988 0.5611983313197250 
0.1837833916385271 0.5713003479841331 
0.1751671924562325 0.5814702012326599 
0.1663671488563195 0.5921187073959940 
0.1576201418555921 0.6029859676842944 
0.1487596108350732 0.6143063251295521 
0.1400540169261945 0.6257620851300727 
0.1313218655414998 0.6376164110483235 
0.1228415990958620 0.6495123410220268 
0.1145851301043258 0.6614957458105976 
0.1063873135582506 0.6738293183649875 
0.0982753010731711 0.6865110830138187 
0.0902554349444884 0.6995745767341164 
0.0822554666294693 0.7131978615326156 
0.0745349263137227 0.7269891461613298 
0.0669565421585950 0.7412403776502371 
0.0598721963688231 0.7553120428610737 
0.0529027415655033 0.7699940401522141 
0.0465213989897803 0.7843118014591931 
0.0404239089369806 0.7989430206708084 
0.0346282901341399 0.8139132188087063 
0.0292153545756707 0.8290750030696011 
0.0241402510064542 0.8446286673596060 
0.0193572908852680 0.8608695184897927 
0.0150198919597646 0.8774443311806523 
0.0111199765850762 0.8945487004106948 
0.0077275208146902 0.9120936815997583 
0.0044270759070676 0.9334637248783445 
0.0017586376689031 0.9580638858631575 
0.0004323768107449 0.9792063276273595 
0.0000000000000032 1.0000000000000011 
