1.0000000000000042 0.0000000000000015 
0.9856696486850536 0.0071910311217867 
0.9712168413845477 0.0144966558227628 
0.9572691661455655 0.0215986681603751 
0.9437108978114844 0.0285521641325891 
0.9302537550371499 0.0355033670161770 
0.9166650309146976 0.0425737464876538 
0.9032898899885744 0.0495843593518858 
0.8898245976487567 0.0566948544353538 
0.8758767516146717 0.0641171271923748 
0.8617924253417664 0.0716722425017382 
0.8479216605831827 0.0791733819099409 
0.8336998112537297 0.0869283646647889 
0.8201679793240283 0.0943687398703487 
0.8069519395528063 0.1016949629703747 
0.7938587600335354 0.1090124804277409 
0.7813317431756950 0.1160702838032397 
0.7692080529106665 0.1229549310835507 
0.7578931130741221 0.1294294324558662 
0.7466112177272709 0.1359333256471107 
0.7346681185222357 0.1428721690889810 
0.7236684023440173 0.1493129821467802 
0.7116213383930078 0.1564234839725576 
0.6996557608210916 0.1635457210217223 
0.6877259096511776 0.1707075849550000 
0.6760813126546200 0.1777583611525057 
0.6645224408929274 0.1848175413486151 
0.6531182648976172 0.1918426731770538 
0.6417189123286416 0.1989264001799628 
0.6305077428942173 0.2059548231402659 
0.6187051137910258 0.2134218959372089 
0.6070527073600878 0.2208641277927971 
0.5954480311271915 0.2283472081776849 
0.5837186260480494 0.2359851925204431 
0.5718099195109198 0.2438188580036436 
0.5598557799252021 0.2517648899408755 
0.5476944967590932 0.2599361535927576 
0.5354980043739630 0.2682227084871066 
0.5241350229264793 0.2760282996370140 
0.5128832725003107 0.2838413077394755 
0.5015139451106685 0.2918235070897616 
0.4903863537617681 0.2997240874042848 
0.4792824161333149 0.3076977422156498 
0.4682112732800458 0.3157403465934619 
0.4569108659822119 0.3240481777654521 
0.4457082334091135 0.3323861644564978 
0.4341204905583187 0.3411217938356796 
0.4224338790195610 0.3500508642827880 
0.4105959642534843 0.3592223753489212 
0.3988552852774965 0.3684500928054137 
0.3870878720390131 0.3778361373086643 
0.3757592180265830 0.3870079788230717 
0.3646659614341362 0.3961242168838612 
0.3539565130695131 0.4050575548260928 
0.3433641478822256 0.4140271782051494 
0.3327868381462040 0.4231232036680652 
0.3220307344447635 0.4325224811106982 
0.3115004715276775 0.4418777270815372 
0.3004554282608870 0.4518618529413582 
0.2895511062267368 0.4619004681039676 
0.2787590058839861 0.4720236692009949 
0.2681150550954809 0.4822017235491491 
0.2577209130789457 0.4923377962868062 
0.2475734344665424 0.5024324825046017 
0.2375116831841441 0.5126482962129607 
0.2282951530926765 0.5221975794403388 
0.2190771672836286 0.5319432007933076 
0.2103716877841209 0.5413370651730138 
0.2013001430146037 0.5513351551384946 
0.1925469044365988 0.5611983313197250 
0.1839671754455745 0.5710860512345566 
0.1752112083750146 0.5814176205631578 
0.1663671488563195 0.5921187073959940 
0.1576201418555921 0.6029859676842944 
0.1488120747739887 0.6142383186811061 
0.1401423224482626 0.6256441232620309 
0.1315312981512456 0.6373275608055656 
0.1230746684215673 0.6491800056701992 
0.1147321197605466 0.6612786989861149 
0.1066053546149212 0.6734952456473087 
0.0985878827673546 0.6860129257957487 
0.0903726304628822 0.6993795907412846 
0.0822933905557697 0.7131317540128145 
0.0743198832013311 0.7273832668354285 
0.0665217729044406 0.7420818484394123 
0.0590907383392704 0.7569141338142720 
0.0524142139382349 0.7710584923212287 
0.0460625567494009 0.7853781074787685 
0.0402026673772678 0.7994939717183966 
0.0343801677194951 0.8145811020432707 
0.0292153545756707 0.8290750030696011 
0.0241720648890963 0.8445263209122209 
0.0193572908852680 0.8608695184897927 
0.0150198919597646 0.8774443311806523 
0.0112168892779208 0.8940901832788203 
0.0077275208146902 0.9120936815997583 
0.0048174638826869 0.9305920474103974 
0.0017586376689031 0.9580638858631575 
0.0004091291286347 0.9797730593358519 
0.0000000000000052 1.0000000000000053 
