1.000000000000000 0.031410759078016 0.047106450709486 0.062790519529127 0.078459095727692 0.094108313318552 0.109734311091019 0.125333233564234 0.140901231937573 0.156434465039843 
0.985669648685044 0.031410759078001 0.047106450709468 0.062790519528748 0.078459095727407 0.094108313318552 0.109734311091019 0.125333233563977 0.140901231937108 0.156434465039402 
0.971216841384540 0.031410759078001 0.047106450709467 0.062790519528748 0.078459095727407 0.094108313318552 0.109734311091019 0.125333233563977 0.140901231937193 0.156434465039947 
0.957479396875049 0.031410759078033 0.047106450709471 0.062790519529137 0.078459095727789 0.094108313318552 0.109734311091019 0.125333233564203 0.140901231937401 0.156434465040124 
0.943793417802234 0.031410759078031 0.047106450709480 0.062790519529135 0.078459095727783 0.094108313318552 0.109734311091019 0.125333233564185 0.140901231937374 0.156434465040056 
0.930253755037144 0.031410759078000 0.047106450709468 0.062790519528973 0.078459095727397 0.094108313318552 0.109734311091019 0.125333233564112 0.140901231937174 0.156434465039689 
0.916665030914694 0.031410759078035 0.047106450709468 0.062790519529153 0.078459095727825 0.094108313318552 0.109734311091019 0.125333233564127 0.140901231937286 0.156434465039929 
0.903169086894861 0.031410759078030 0.047106450709468 0.062790519529134 0.078459095727783 0.094108313318552 0.109734311091019 0.125333233564186 0.140901231937416 0.156434465040044 
0.889684110418793 0.031410759078033 0.047106450709471 0.062790519529138 0.078459095727793 0.094108313318552 0.109734311091019 0.125333233564190 0.140901231937414 0.156434465040145 
0.875665719902154 0.031410759078031 0.047106450709480 0.062790519529135 0.078459095727783 0.094108313318552 0.109734311091019 0.125333233564184 0.140901231937373 0.156434465040058 
0.861792425341762 0.031410759078000 0.047106450709470 0.062790519529049 0.078459095727401 0.094108313318552 0.109734311091019 0.125333233564156 0.140901231937159 0.156434465039773 
0.848065970901341 0.031410759078030 0.047106450709467 0.062790519529134 0.078459095727783 0.094108313318552 0.109734311091019 0.125333233564186 0.140901231937416 0.156434465040043 
0.834405893151254 0.031410759078031 0.047106450709481 0.062790519529135 0.078459095727783 0.094108313318552 0.109734311091019 0.125333233564184 0.140901231937374 0.156434465040057 
0.820879517779698 0.031410759078031 0.047106450709472 0.062790519529136 0.078459095727790 0.094108313318552 0.109734311091019 0.125333233564202 0.140901231937382 0.156434465040096 
0.807103720259475 0.031410759078030 0.047106450709470 0.062790519529134 0.078459095727783 0.094108313318552 0.109734311091019 0.125333233564186 0.140901231937420 0.156434465040042 
0.794310686575577 0.031410759078030 0.047106450709465 0.062790519529135 0.078459095727783 0.094108313318552 0.109734311091019 0.125333233564185 0.140901231937412 0.156434465040046 
0.781557663418349 0.031410759078033 0.047106450709471 0.062790519529137 0.078459095727788 0.094108313318552 0.109734311091019 0.125333233564196 0.140901231937412 0.156434465040135 
0.769499564562839 0.031410759078032 0.047106450709472 0.062790519529135 0.078459095727792 0.094108313318552 0.109734311091019 0.125333233564191 0.140901231937390 0.156434465040110 
0.758013710950534 0.031410759078033 0.047106450709471 0.062790519529137 0.078459095727789 0.094108313318552 0.109734311091019 0.125333233564203 0.140901231937401 0.156434465040124 
0.746468847901059 0.031410759078032 0.047106450709472 0.062790519529136 0.078459095727792 0.094108313318552 0.109734311091019 0.125333233564190 0.140901231937394 0.156434465040114 
0.734691462081696 0.031410759078032 0.047106450709425 0.062790519529137 0.078459095727777 0.094108313318552 0.109734311091019 0.125333233564172 0.140901231937400 0.156434465040085 
0.723111010125233 0.031410759078032 0.047106450709471 0.062790519529137 0.078459095727789 0.094108313318552 0.109734311091019 0.125333233564203 0.140901231937400 0.156434465040123 
0.711433129328248 0.031410759078031 0.047106450709472 0.062790519529136 0.078459095727782 0.094108313318552 0.109734311091019 0.125333233564178 0.140901231937370 0.156434465040069 
0.699655760821085 0.031410759078001 0.047106450709468 0.062790519529084 0.078459095727407 0.094108313318552 0.109734311091019 0.125333233564177 0.140901231937142 0.156434465039869 
0.687863511598203 0.031410759078030 0.047106450709475 0.062790519529135 0.078459095727783 0.094108313318552 0.109734311091019 0.125333233564185 0.140901231937393 0.156434465040050 
0.676188230970005 0.031410759078032 0.047106450709469 0.062790519529136 0.078459095727799 0.094108313318552 0.109734311091019 0.125333233564178 0.140901231937383 0.156434465040079 
0.664522440892924 0.031410759078014 0.047106450709469 0.062790519529000 0.078459095727642 0.094108313318552 0.109734311091019 0.125333233564117 0.140901231937211 0.156434465039922 
0.653118264897614 0.031410759078029 0.047106450709473 0.062790519529134 0.078459095727790 0.094108313318552 0.109734311091019 0.125333233564122 0.140901231937326 0.156434465040049 
0.641718912328638 0.031410759078031 0.047106450709469 0.062790519529111 0.078459095727722 0.094108313318552 0.109734311091019 0.125333233564125 0.140901231937282 0.156434465040255 
0.630155652689675 0.031410759078032 0.047106450709469 0.062790519529136 0.078459095727799 0.094108313318552 0.109734311091019 0.125333233564178 0.140901231937384 0.156434465040078 
0.618691712326372 0.031410759078030 0.047106450709469 0.062790519529127 0.078459095727797 0.094108313318552 0.109734311091019 0.125333233564191 0.140901231937417 0.156434465040189 
0.607052707360084 0.031410759078015 0.047106450709469 0.062790519529117 0.078459095728001 0.094108313318552 0.109734311091019 0.125333233564114 0.140901231937330 0.156434465039891 
0.595290707440128 0.031410759078030 0.047106450709471 0.062790519529134 0.078459095727783 0.094108313318552 0.109734311091019 0.125333233564186 0.140901231937412 0.156434465040046 
0.583718626048041 0.031410759078001 0.047106450709468 0.062790519528748 0.078459095727407 0.094108313318552 0.109734311091019 0.125333233563977 0.140901231937111 0.156434465039930 
0.571809919510917 0.031410759078027 0.047106450709474 0.062790519529130 0.078459095727801 0.094108313318552 0.109734311091019 0.125333233564193 0.140901231937325 0.156434465040033 
0.559797785064740 0.031410759078029 0.047106450709473 0.062790519529134 0.078459095727785 0.094108313318552 0.109734311091019 0.125333233564190 0.140901231937406 0.156434465040035 
0.547744924683328 0.031410759078028 0.047106450709474 0.062790519529131 0.078459095727794 0.094108313318552 0.109734311091019 0.125333233564196 0.140901231937327 0.156434465040019 
0.535898384862246 0.031410759078057 0.047106450709479 0.062790519529129 0.078459095727759 0.094108313318552 0.109734311091019 0.125333233564083 0.140901231937353 0.156434465039965 
0.524379187379215 0.031410759078028 0.047106450709475 0.062790519529133 0.078459095727782 0.094108313318552 0.109734311091019 0.125333233564198 0.140901231937329 0.156434465039997 
0.513058360824460 0.031410759078028 0.047106450709474 0.062790519529127 0.078459095727792 0.094108313318552 0.109734311091019 0.125333233564201 0.140901231937512 0.156434465040173 
0.501557761082973 0.031410759078029 0.047106450709475 0.062790519529132 0.078459095727786 0.094108313318552 0.109734311091019 0.125333233564200 0.140901231937392 0.156434465040017 
0.490386353761766 0.031410759078028 0.047106450709470 0.062790519529130 0.078459095727837 0.094108313318552 0.109734311091019 0.125333233564248 0.140901231937319 0.156434465040084 
0.479282416133312 0.031410759078027 0.047106450709472 0.062790519529130 0.078459095727813 0.094108313318552 0.109734311091019 0.125333233564214 0.140901231937323 0.156434465040049 
0.468111569340318 0.031410759078029 0.047106450709475 0.062790519529132 0.078459095727786 0.094108313318552 0.109734311091019 0.125333233564201 0.140901231937283 0.156434465040014 
0.456511085296964 0.031410759078028 0.047106450709676 0.062790519529132 0.078459095727788 0.094108313318552 0.109734311091019 0.125333233564198 0.140901231937445 0.156434465040203 
0.445261388679133 0.031410759078028 0.047106450709475 0.062790519529132 0.078459095727788 0.094108313318552 0.109734311091019 0.125333233564200 0.140901231937477 0.156434465039999 
0.433589497725552 0.031410759078028 0.047106450709477 0.062790519529132 0.078459095727789 0.094108313318552 0.109734311091019 0.125333233564201 0.140901231937454 0.156434465039999 
0.422190860756851 0.031410759078028 0.047106450709474 0.062790519529132 0.078459095727790 0.094108313318552 0.109734311091019 0.125333233564198 0.140901231937451 0.156434465040018 
0.410429917434448 0.031410759078031 0.047106450709472 0.062790519529135 0.078459095727801 0.094108313318552 0.109734311091019 0.125333233564180 0.140901231937389 0.156434465040071 
0.398842225865794 0.031410759078028 0.047106450709474 0.062790519529132 0.078459095727789 0.094108313318552 0.109734311091019 0.125333233564198 0.140901231937540 0.156434465040009 
0.387345361464363 0.031410759078029 0.047106450709465 0.062790519529130 0.078459095727788 0.094108313318552 0.109734311091019 0.125333233564193 0.140901231937439 0.156434465040033 
0.376070999769692 0.031410759078028 0.047106450709473 0.062790519529130 0.078459095727789 0.094108313318552 0.109734311091019 0.125333233564200 0.140901231937443 0.156434465040155 
0.364951727545776 0.031410759078029 0.047106450709474 0.062790519529133 0.078459095727787 0.094108313318552 0.109734311091019 0.125333233564194 0.140901231937438 0.156434465040024 
0.353956513069510 0.031410759078027 0.047106450709474 0.062790519529129 0.078459095727800 0.094108313318552 0.109734311091019 0.125333233564122 0.140901231937326 0.156434465040039 
0.343350178281300 0.031410759078031 0.047106450709476 0.062790519529132 0.078459095727773 0.094108313318552 0.109734311091019 0.125333233564207 0.140901231937409 0.156434465040022 
0.332700247726473 0.031410759078028 0.047106450709474 0.062790519529132 0.078459095727793 0.094108313318552 0.109734311091019 0.125333233564195 0.140901231937327 0.156434465040018 
0.321807748599987 0.031410759078028 0.047106450709474 0.062790519529132 0.078459095727788 0.094108313318552 0.109734311091019 0.125333233564199 0.140901231937459 0.156434465040005 
0.311136395418023 0.031410759078027 0.047106450709474 0.062790519529130 0.078459095727799 0.094108313318552 0.109734311091019 0.125333233564190 0.140901231937326 0.156434465040028 
0.300221360655349 0.031410759078026 0.047106450709475 0.062790519529132 0.078459095727779 0.094108313318552 0.109734311091019 0.125333233564218 0.140901231937340 0.156434465040005 
0.289461037875417 0.031410759078026 0.047106450709474 0.062790519529169 0.078459095727775 0.094108313318552 0.109734311091019 0.125333233564203 0.140901231937461 0.156434465040146 
0.278759005883983 0.031410759078031 0.047106450709480 0.062790519529146 0.078459095727724 0.094108313318552 0.109734311091019 0.125333233564068 0.140901231937342 0.156434465039943 
0.268115055095476 0.031410759078012 0.047106450709469 0.062790519529021 0.078459095727402 0.094108313318552 0.109734311091019 0.125333233564131 0.140901231937195 0.156434465039715 
0.258154147889328 0.031410759078028 0.047106450709473 0.062790519529136 0.078459095727788 0.094108313318552 0.109734311091019 0.125333233564201 0.140901231937446 0.156434465040162 
0.247890270237229 0.031410759078025 0.047106450709477 0.062790519529204 0.078459095727759 0.094108313318552 0.109734311091019 0.125333233564202 0.140901231937469 0.156434465040097 
0.238032366380952 0.031410759078031 0.047106450709472 0.062790519528992 0.078459095727816 0.094108313318552 0.109734311091019 0.125333233564201 0.140901231937433 0.156434465040047 
0.228747610732402 0.031410759078025 0.047106450709477 0.062790519529206 0.078459095727757 0.094108313318552 0.109734311091019 0.125333233564202 0.140901231937469 0.156434465040084 
0.219341471357307 0.031410759078025 0.047106450709477 0.062790519529193 0.078459095727766 0.094108313318552 0.109734311091019 0.125333233564204 0.140901231937473 0.156434465040142 
0.210371687784113 0.031410759078001 0.047106450709468 0.062790519529152 0.078459095727407 0.094108313318552 0.109734311091019 0.125333233564218 0.140901231937142 0.156434465039783 
0.201300143014600 0.031410759078029 0.047106450709481 0.062790519529131 0.078459095727720 0.094108313318552 0.109734311091019 0.125333233564054 0.140901231937339 0.156434465040188 
0.192546904436596 0.031410759078028 0.047106450709477 0.062790519529133 0.078459095727778 0.094108313318552 0.109734311091019 0.125333233564101 0.140901231937331 0.156434465040007 
0.183904794848485 0.031410759078027 0.047106450709478 0.062790519529130 0.078459095727750 0.094108313318552 0.109734311091019 0.125333233564134 0.140901231937408 0.156434465039970 
0.174977083170520 0.031410759078024 0.047106450709478 0.062790519529219 0.078459095727752 0.094108313318552 0.109734311091019 0.125333233564205 0.140901231937479 0.156434465040071 
0.166367148856316 0.031410759078080 0.047106450709481 0.062790519529127 0.078459095727733 0.094108313318552 0.109734311091019 0.125333233564059 0.140901231937336 0.156434465039932 
0.157620141855584 0.031410759078001 0.047106450709468 0.062790519528748 0.078459095727407 0.094108313318552 0.109734311091019 0.125333233563977 0.140901231937143 0.156434465039550 
0.148759610835071 0.031410759078025 0.047106450709484 0.062790519529191 0.078459095727766 0.094108313318552 0.109734311091019 0.125333233564204 0.140901231937469 0.156434465040135 
0.140054016926192 0.031410759078028 0.047106450709478 0.062790519529130 0.078459095727753 0.094108313318552 0.109734311091019 0.125333233564125 0.140901231937403 0.156434465039974 
0.131495531602629 0.031410759078027 0.047106450709478 0.062790519529130 0.078459095727752 0.094108313318552 0.109734311091019 0.125333233564163 0.140901231937404 0.156434465039973 
0.123074668421563 0.031410759078022 0.047106450709482 0.062790519529126 0.078459095727673 0.094108313318552 0.109734311091019 0.125333233564109 0.140901231937349 0.156434465039778 
0.114732119760541 0.031410759077997 0.047106450709470 0.062790519529012 0.078459095727400 0.094108313318552 0.109734311091019 0.125333233564131 0.140901231937321 0.156434465039728 
0.106605354614915 0.031410759077998 0.047106450709474 0.062790519529082 0.078459095727425 0.094108313318552 0.109734311091019 0.125333233564174 0.140901231937165 0.156434465039748 
0.098460185355027 0.031410759078022 0.047106450709480 0.062790519529130 0.078459095727721 0.094108313318552 0.109734311091019 0.125333233564223 0.140901231937481 0.156434465039931 
0.090255434944486 0.031410759078022 0.047106450709480 0.062790519529130 0.078459095727721 0.094108313318552 0.109734311091019 0.125333233564207 0.140901231937480 0.156434465039930 
0.082255466629466 0.031410759078028 0.047106450709483 0.062790519529130 0.078459095727686 0.094108313318552 0.109734311091019 0.125333233564033 0.140901231937453 0.156434465039909 
0.074534926313720 0.031410759078022 0.047106450709480 0.062790519529136 0.078459095727721 0.094108313318552 0.109734311091019 0.125333233564206 0.140901231937480 0.156434465039930 
0.066956542158592 0.031410759078022 0.047106450709480 0.062790519529130 0.078459095727720 0.094108313318552 0.109734311091019 0.125333233564210 0.140901231937481 0.156434465039929 
0.059624439004361 0.031410759078024 0.047106450709478 0.062790519529226 0.078459095727748 0.094108313318552 0.109734311091019 0.125333233564205 0.140901231937480 0.156434465040056 
0.052625310666508 0.031410759078022 0.047106450709480 0.062790519529130 0.078459095727720 0.094108313318552 0.109734311091019 0.125333233564213 0.140901231937482 0.156434465039929 
0.046321853512715 0.031410759078025 0.047106450709477 0.062790519529194 0.078459095727764 0.094108313318552 0.109734311091019 0.125333233564204 0.140901231937471 0.156434465040127 
0.040275865647126 0.031410759078025 0.047106450709477 0.062790519529195 0.078459095727764 0.094108313318552 0.109734311091019 0.125333233564204 0.140901231937471 0.156434465040126 
0.034628290134137 0.031410759078023 0.047106450709483 0.062790519529130 0.078459095727693 0.094108313318552 0.109734311091019 0.125333233564242 0.140901231937561 0.156434465039891 
0.029215354575661 0.031410759078001 0.047106450709468 0.062790519528748 0.078459095727407 0.094108313318552 0.109734311091019 0.125333233563977 0.140901231937143 0.156434465039402 
0.024140251006452 0.031410759078025 0.047106450709477 0.062790519529204 0.078459095727759 0.094108313318552 0.109734311091019 0.125333233564204 0.140901231937472 0.156434465040112 
0.019357290885263 0.031410759078029 0.047106450709490 0.062790519529173 0.078459095727800 0.094108313318552 0.109734311091019 0.125333233564126 0.140901231937364 0.156434465039780 
0.015019891959759 0.031410759077998 0.047106450709471 0.062790519529052 0.078459095727409 0.094108313318552 0.109734311091019 0.125333233564156 0.140901231937330 0.156434465039737 
0.011119976585074 0.031410759078022 0.047106450709480 0.062790519529130 0.078459095727720 0.094108313318552 0.109734311091019 0.125333233564212 0.140901231937483 0.156434465039929 
0.007727520814685 0.031410759078010 0.047106450709495 0.062790519529085 0.078459095727587 0.094108313318552 0.109734311091019 0.125333233564128 0.140901231937351 0.156434465039753 
0.004427075907065 0.031410759078022 0.047106450709480 0.062790519529130 0.078459095727719 0.094108313318552 0.109734311091019 0.125333233564217 0.140901231937484 0.156434465039928 
0.001758637668898 0.031410759078016 0.047106450709484 0.062790519529101 0.078459095727617 0.094108313318552 0.109734311091019 0.125333233564129 0.140901231937346 0.156434465039755 
0.000432376810741 0.031410759078026 0.047106450709485 0.062790519529130 0.078459095727666 0.094108313318552 0.109734311091019 0.125333233564006 0.140901231937612 0.156434465039854 
0.000000000000000 0.031410759078020 0.047106450709483 0.062790519529130 0.078459095727694 0.094108313318552 0.109734311091019 0.125333233564230 0.140901231937497 0.156434465039895 
