1.000000000000000 0.031410759078033 0.047106450709470 0.062790519529055 0.078459095727403 0.094108313318552 0.109734311091019 0.125333233564154 0.140901231937184 0.156434465039757 
0.985669648685044 0.031410759078001 0.047106450709468 0.062790519528748 0.078459095727407 0.094108313318552 0.109734311091019 0.125333233563977 0.140901231937108 0.156434465039402 
0.971216841384540 0.031410759078001 0.047106450709467 0.062790519528748 0.078459095727407 0.094108313318552 0.109734311091019 0.125333233563977 0.140901231937193 0.156434465039947 
0.957269166145561 0.031410759078069 0.047106450709470 0.062790519529048 0.078459095727407 0.094108313318552 0.109734311091019 0.125333233564153 0.140901231937214 0.156434465039731 
0.943485971784069 0.031410759078000 0.047106450709468 0.062790519529010 0.078459095727393 0.094108313318552 0.109734311091019 0.125333233564130 0.140901231937163 0.156434465039771 
0.930253755037144 0.031410759078000 0.047106450709468 0.062790519528973 0.078459095727397 0.094108313318552 0.109734311091019 0.125333233564112 0.140901231937174 0.156434465039689 
0.917307466407879 0.031410759078000 0.047106450709470 0.062790519529051 0.078459095727402 0.094108313318552 0.109734311091019 0.125333233564158 0.140901231937160 0.156434465039772 
0.903575842054013 0.031410759077999 0.047106450709470 0.062790519529051 0.078459095727402 0.094108313318552 0.109734311091019 0.125333233564158 0.140901231937160 0.156434465039772 
0.889824597648751 0.031410759078000 0.047106450709468 0.062790519528970 0.078459095727397 0.094108313318552 0.109734311091019 0.125333233564109 0.140901231937177 0.156434465039703 
0.875876751614666 0.031410759078001 0.047106450709468 0.062790519528989 0.078459095727398 0.094108313318552 0.109734311091019 0.125333233564119 0.140901231937171 0.156434465039714 
0.861792425341762 0.031410759078000 0.047106450709470 0.062790519529049 0.078459095727401 0.094108313318552 0.109734311091019 0.125333233564156 0.140901231937159 0.156434465039773 
0.847488945063425 0.031410759078000 0.047106450709470 0.062790519529050 0.078459095727401 0.094108313318552 0.109734311091019 0.125333233564157 0.140901231937159 0.156434465039773 
0.833123207614153 0.031410759078000 0.047106450709469 0.062790519528973 0.078459095727392 0.094108313318552 0.109734311091019 0.125333233564105 0.140901231937176 0.156434465039735 
0.819438775425876 0.031410759078036 0.047106450709470 0.062790519529039 0.078459095727403 0.094108313318552 0.109734311091019 0.125333233564148 0.140901231937190 0.156434465039749 
0.805935959447063 0.031410759078000 0.047106450709470 0.062790519529047 0.078459095727400 0.094108313318552 0.109734311091019 0.125333233564155 0.140901231937159 0.156434465039774 
0.792931487720406 0.031410759078001 0.047106450709468 0.062790519529230 0.078459095727408 0.094108313318552 0.109734311091019 0.125333233564244 0.140901231937124 0.156434465040008 
0.780275996772928 0.031410759078037 0.047106450709469 0.062790519529037 0.078459095727403 0.094108313318552 0.109734311091019 0.125333233564147 0.140901231937192 0.156434465039746 
0.768410055418808 0.031410759078000 0.047106450709470 0.062790519529049 0.078459095727401 0.094108313318552 0.109734311091019 0.125333233564157 0.140901231937160 0.156434465039773 
0.757499084048298 0.031410759078009 0.047106450709468 0.062790519528981 0.078459095727396 0.094108313318552 0.109734311091019 0.125333233564107 0.140901231937195 0.156434465039701 
0.746383723938927 0.031410759077999 0.047106450709470 0.062790519529023 0.078459095727405 0.094108313318552 0.109734311091019 0.125333233564141 0.140901231937191 0.156434465039723 
0.735584025003246 0.031410759078001 0.047106450709468 0.062790519529015 0.078459095727402 0.094108313318552 0.109734311091019 0.125333233564143 0.140901231937158 0.156434465039753 
0.722987411846809 0.031410759078003 0.047106450709468 0.062790519529111 0.078459095727399 0.094108313318552 0.109734311091019 0.125333233564190 0.140901231937140 0.156434465039893 
0.711378784497669 0.031410759078001 0.047106450709468 0.062790519528748 0.078459095727407 0.094108313318552 0.109734311091019 0.125333233563977 0.140901231937171 0.156434465039902 
0.699655760821085 0.031410759078001 0.047106450709468 0.062790519529084 0.078459095727407 0.094108313318552 0.109734311091019 0.125333233564177 0.140901231937142 0.156434465039869 
0.688022010817299 0.031410759078001 0.047106450709468 0.062790519528725 0.078459095727411 0.094108313318552 0.109734311091019 0.125333233563977 0.140901231937263 0.156434465039886 
0.676030697256576 0.031410759078002 0.047106450709468 0.062790519529096 0.078459095727399 0.094108313318552 0.109734311091019 0.125333233564184 0.140901231937133 0.156434465039754 
0.664306993335687 0.031410759078001 0.047106450709470 0.062790519528806 0.078459095727407 0.094108313318552 0.109734311091019 0.125333233563977 0.140901231937141 0.156434465039415 
0.652975437842747 0.031410759078001 0.047106450709470 0.062790519528795 0.078459095727407 0.094108313318552 0.109734311091019 0.125333233563977 0.140901231937189 0.156434465039906 
0.642090426311103 0.031410759078000 0.047106450709468 0.062790519529024 0.078459095727394 0.094108313318552 0.109734311091019 0.125333233564140 0.140901231937158 0.156434465039784 
0.630633231659617 0.031410759078001 0.047106450709468 0.062790519529079 0.078459095727376 0.094108313318552 0.109734311091019 0.125333233564171 0.140901231937157 0.156434465039803 
0.619229167775975 0.031410759078001 0.047106450709468 0.062790519528748 0.078459095727407 0.094108313318552 0.109734311091019 0.125333233563977 0.140901231937143 0.156434465039402 
0.607272404531257 0.031410759078007 0.047106450709469 0.062790519528995 0.078459095727397 0.094108313318552 0.109734311091019 0.125333233564117 0.140901231937185 0.156434465039717 
0.595448031127185 0.031410759078001 0.047106450709469 0.062790519529097 0.078459095727406 0.094108313318552 0.109734311091019 0.125333233564191 0.140901231937135 0.156434465039922 
0.583718626048041 0.031410759078001 0.047106450709468 0.062790519528748 0.078459095727407 0.094108313318552 0.109734311091019 0.125333233563977 0.140901231937111 0.156434465039930 
0.571654879427444 0.031410759078005 0.047106450709468 0.062790519528983 0.078459095727396 0.094108313318552 0.109734311091019 0.125333233564108 0.140901231937192 0.156434465039703 
0.559855779925197 0.031410759078083 0.047106450709470 0.062790519529047 0.078459095727408 0.094108313318552 0.109734311091019 0.125333233564152 0.140901231937224 0.156434465039726 
0.547807618505515 0.031410759078018 0.047106450709469 0.062790519529003 0.078459095727398 0.094108313318552 0.109734311091019 0.125333233564123 0.140901231937180 0.156434465039722 
0.535498004373957 0.031410759078001 0.047106450709468 0.062790519529037 0.078459095727400 0.094108313318552 0.109734311091019 0.125333233564148 0.140901231937160 0.156434465039817 
0.523806532818963 0.031410759077999 0.047106450709469 0.062790519529000 0.078459095727398 0.094108313318552 0.109734311091019 0.125333233564121 0.140901231937182 0.156434465039719 
0.512516291233477 0.031410759077998 0.047106450709470 0.062790519529040 0.078459095727406 0.094108313318552 0.109734311091019 0.125333233564147 0.140901231937178 0.156434465039715 
0.501513945110660 0.031410759078001 0.047106450709468 0.062790519528748 0.078459095727407 0.094108313318552 0.109734311091019 0.125333233563977 0.140901231937142 0.156434465040034 
0.490447660150463 0.031410759078001 0.047106450709468 0.062790519528748 0.078459095727407 0.094108313318552 0.109734311091019 0.125333233563977 0.140901231937143 0.156434465040172 
0.479122785040798 0.031410759078001 0.047106450709469 0.062790519529024 0.078459095727406 0.094108313318552 0.109734311091019 0.125333233564133 0.140901231937139 0.156434465039857 
0.468220015521153 0.031410759078000 0.047106450709468 0.062790519528992 0.078459095727396 0.094108313318552 0.109734311091019 0.125333233564121 0.140901231937168 0.156434465039749 
0.457072205365718 0.031410759078049 0.047106450709471 0.062790519529054 0.078459095727410 0.094108313318552 0.109734311091019 0.125333233564155 0.140901231937206 0.156434465039715 
0.446013969847278 0.031410759078001 0.047106450709468 0.062790519528975 0.078459095727398 0.094108313318552 0.109734311091019 0.125333233564111 0.140901231937173 0.156434465039723 
0.434318175735236 0.031410759078069 0.047106450709470 0.062790519529178 0.078459095727406 0.094108313318552 0.109734311091019 0.125333233564147 0.140901231937224 0.156434465039722 
0.422307017252072 0.031410759077997 0.047106450709472 0.062790519529090 0.078459095727414 0.094108313318552 0.109734311091019 0.125333233564178 0.140901231937167 0.156434465039726 
0.410580155235990 0.031410759077997 0.047106450709468 0.062790519529096 0.078459095727409 0.094108313318552 0.109734311091019 0.125333233564182 0.140901231937168 0.156434465039722 
0.398529306084425 0.031410759078002 0.047106450709468 0.062790519529020 0.078459095727334 0.094108313318552 0.109734311091019 0.125333233564134 0.140901231937160 0.156434465039802 
0.386454447264010 0.031410759078029 0.047106450709469 0.062790519529021 0.078459095727402 0.094108313318552 0.109734311091019 0.125333233564132 0.140901231937156 0.156434465039714 
0.375096011507979 0.031410759077998 0.047106450709471 0.062790519529090 0.078459095727415 0.094108313318552 0.109734311091019 0.125333233564179 0.140901231937187 0.156434465039726 
0.364349963054119 0.031410759078001 0.047106450709473 0.062790519529008 0.078459095727406 0.094108313318552 0.109734311091019 0.125333233564132 0.140901231937200 0.156434465039733 
0.354064891586948 0.031410759077999 0.047106450709469 0.062790519529089 0.078459095727405 0.094108313318552 0.109734311091019 0.125333233564148 0.140901231937274 0.156434465039728 
0.343561990414461 0.031410759078076 0.047106450709470 0.062790519529208 0.078459095727407 0.094108313318552 0.109734311091019 0.125333233564151 0.140901231937233 0.156434465039722 
0.333043588565654 0.031410759078071 0.047106450709470 0.062790519529189 0.078459095727407 0.094108313318552 0.109734311091019 0.125333233564148 0.140901231937227 0.156434465039723 
0.322712280052672 0.031410759078071 0.047106450709470 0.062790519529189 0.078459095727407 0.094108313318552 0.109734311091019 0.125333233564148 0.140901231937227 0.156434465039723 
0.312036605348302 0.031410759078048 0.047106450709470 0.062790519529052 0.078459095727406 0.094108313318552 0.109734311091019 0.125333233564148 0.140901231937238 0.156434465039721 
0.300663648730650 0.031410759078077 0.047106450709470 0.062790519529046 0.078459095727407 0.094108313318552 0.109734311091019 0.125333233564151 0.140901231937221 0.156434465039726 
0.289397321925979 0.031410759077998 0.047106450709472 0.062790519529079 0.078459095727412 0.094108313318552 0.109734311091019 0.125333233564172 0.140901231937168 0.156434465039732 
0.278320921778623 0.031410759077998 0.047106450709474 0.062790519529071 0.078459095727413 0.094108313318552 0.109734311091019 0.125333233564168 0.140901231937168 0.156434465039729 
0.267662550622882 0.031410759077997 0.047106450709473 0.062790519529081 0.078459095727413 0.094108313318552 0.109734311091019 0.125333233564173 0.140901231937167 0.156434465039728 
0.257720913078941 0.031410759078071 0.047106450709470 0.062790519529189 0.078459095727407 0.094108313318552 0.109734311091019 0.125333233564148 0.140901231937227 0.156434465039723 
0.247443729716346 0.031410759078000 0.047106450709470 0.062790519529012 0.078459095727400 0.094108313318552 0.109734311091019 0.125333233564133 0.140901231937511 0.156434465039748 
0.237511683184138 0.031410759078005 0.047106450709468 0.062790519529026 0.078459095727399 0.094108313318552 0.109734311091019 0.125333233564142 0.140901231937149 0.156434465039846 
0.227832301582301 0.031410759078001 0.047106450709468 0.062790519528963 0.078459095727407 0.094108313318552 0.109734311091019 0.125333233564105 0.140901231937180 0.156434465039690 
0.219077167283622 0.031410759078001 0.047106450709469 0.062790519529043 0.078459095727405 0.094108313318552 0.109734311091019 0.125333233564155 0.140901231937132 0.156434465039887 
0.210371687784113 0.031410759078001 0.047106450709468 0.062790519529152 0.078459095727407 0.094108313318552 0.109734311091019 0.125333233564218 0.140901231937142 0.156434465039783 
0.201715125731861 0.031410759078000 0.047106450709470 0.062790519529003 0.078459095727398 0.094108313318552 0.109734311091019 0.125333233564127 0.140901231937515 0.156434465039747 
0.192873613203354 0.031410759078033 0.047106450709469 0.062790519529023 0.078459095727402 0.094108313318552 0.109734311091019 0.125333233564128 0.140901231937426 0.156434465039737 
0.183967175445569 0.031410759078048 0.047106450709469 0.062790519529026 0.078459095727402 0.094108313318552 0.109734311091019 0.125333233564126 0.140901231937410 0.156434465039735 
0.175255385657948 0.031410759078000 0.047106450709470 0.062790519529013 0.078459095727402 0.094108313318552 0.109734311091019 0.125333233564133 0.140901231937408 0.156434465039745 
0.166550353705709 0.031410759077999 0.047106450709471 0.062790519529040 0.078459095727407 0.094108313318552 0.109734311091019 0.125333233564149 0.140901231937265 0.156434465039738 
0.157620141855584 0.031410759078001 0.047106450709468 0.062790519528748 0.078459095727407 0.094108313318552 0.109734311091019 0.125333233563977 0.140901231937143 0.156434465039550 
0.148812074773983 0.031410759078041 0.047106450709469 0.062790519529025 0.078459095727402 0.094108313318552 0.109734311091019 0.125333233564129 0.140901231937419 0.156434465039736 
0.140142322448257 0.031410759077999 0.047106450709470 0.062790519529027 0.078459095727402 0.094108313318552 0.109734311091019 0.125333233564141 0.140901231937441 0.156434465039739 
0.131486931513987 0.031410759078000 0.047106450709469 0.062790519528997 0.078459095727397 0.094108313318552 0.109734311091019 0.125333233564124 0.140901231937539 0.156434465039748 
0.123183104313994 0.031410759078000 0.047106450709470 0.062790519529013 0.078459095727400 0.094108313318552 0.109734311091019 0.125333233564133 0.140901231937494 0.156434465039744 
0.115021721732637 0.031410759078000 0.047106450709470 0.062790519529015 0.078459095727401 0.094108313318552 0.109734311091019 0.125333233564134 0.140901231937471 0.156434465039744 
0.106605354614915 0.031410759077998 0.047106450709474 0.062790519529082 0.078459095727425 0.094108313318552 0.109734311091019 0.125333233564174 0.140901231937165 0.156434465039748 
0.098587882767349 0.031410759077999 0.047106450709470 0.062790519529033 0.078459095727407 0.094108313318552 0.109734311091019 0.125333233564145 0.140901231937415 0.156434465039746 
0.090478455335445 0.031410759077975 0.047106450709468 0.062790519528748 0.078459095727407 0.094108313318552 0.109734311091019 0.125333233563977 0.140901231937143 0.156434465039402 
0.082317619776028 0.031410759077999 0.047106450709470 0.062790519529021 0.078459095727402 0.094108313318552 0.109734311091019 0.125333233564138 0.140901231937463 0.156434465039742 
0.074319883201326 0.031410759078000 0.047106450709470 0.062790519529009 0.078459095727399 0.094108313318552 0.109734311091019 0.125333233564131 0.140901231937507 0.156434465039745 
0.066521772904434 0.031410759078006 0.047106450709468 0.062790519529011 0.078459095727408 0.094108313318552 0.109734311091019 0.125333233564133 0.140901231937147 0.156434465039860 
0.059065127578574 0.031410759077999 0.047106450709472 0.062790519529086 0.078459095727428 0.094108313318552 0.109734311091019 0.125333233564176 0.140901231937159 0.156434465039763 
0.052229345505572 0.031410759078000 0.047106450709470 0.062790519529012 0.078459095727400 0.094108313318552 0.109734311091019 0.125333233564133 0.140901231937494 0.156434465039744 
0.045908095849159 0.031410759078007 0.047106450709468 0.062790519529110 0.078459095727411 0.094108313318552 0.109734311091019 0.125333233564181 0.140901231937133 0.156434465039892 
0.039928036764300 0.031410759078009 0.047106450709468 0.062790519529071 0.078459095727409 0.094108313318552 0.109734311091019 0.125333233564157 0.140901231937139 0.156434465039855 
0.034487530634131 0.031410759078001 0.047106450709468 0.062790519528748 0.078459095727407 0.094108313318552 0.109734311091019 0.125333233563977 0.140901231937143 0.156434465039402 
0.029215354575661 0.031410759078001 0.047106450709468 0.062790519528748 0.078459095727407 0.094108313318552 0.109734311091019 0.125333233563977 0.140901231937143 0.156434465039402 
0.024202172386084 0.031410759078001 0.047106450709468 0.062790519528748 0.078459095727407 0.094108313318552 0.109734311091019 0.125333233563977 0.140901231937143 0.156434465040243 
0.019354793610751 0.031410759078001 0.047106450709468 0.062790519528748 0.078459095727407 0.094108313318552 0.109734311091019 0.125333233563977 0.140901231937143 0.156434465039402 
0.015019891959759 0.031410759077998 0.047106450709471 0.062790519529052 0.078459095727409 0.094108313318552 0.109734311091019 0.125333233564156 0.140901231937330 0.156434465039737 
0.011216889277915 0.031410759077998 0.047106450709470 0.062790519529046 0.078459095727405 0.094108313318552 0.109734311091019 0.125333233564152 0.140901231937371 0.156434465039734 
0.007905437253124 0.031410759077998 0.047106450709470 0.062790519529047 0.078459095727405 0.094108313318552 0.109734311091019 0.125333233564153 0.140901231937370 0.156434465039733 
0.004817463882681 0.031410759077999 0.047106450709470 0.062790519529025 0.078459095727403 0.094108313318552 0.109734311091019 0.125333233564141 0.140901231937439 0.156434465039743 
0.001580574493384 0.031410759078007 0.047106450709468 0.062790519529079 0.078459095727392 0.094108313318552 0.109734311091019 0.125333233564168 0.140901231937135 0.156434465039905 
0.000000000000000 0.031410759077998 0.047106450709470 0.062790519529046 0.078459095727406 0.094108313318552 0.109734311091019 0.125333233564153 0.140901231937373 0.156434465039734 
0.000000000000000 0.031410759078001 0.047106450709470 0.062790519529005 0.078459095727407 0.094108313318552 0.109734311091019 0.125333233564129 0.140901231937486 0.156434465039767 
