1.0000000000000036 0.0000000000000008 
0.9856696486850536 0.0071910311217867 
0.9712168413845477 0.0144966558227628 
0.9574793968750511 0.0214912382226490 
0.9437934178022359 0.0285096923786468 
0.9302537550371499 0.0355033670161770 
0.9166650309146976 0.0425737464876538 
0.9031690868948625 0.0496479142471152 
0.8896841104187944 0.0567693227959625 
0.8756657199021551 0.0642298787083706 
0.8617924253417664 0.0716722425017382 
0.8480659709013426 0.0790950261284616 
0.8344058931512558 0.0865417945241000 
0.8208795177796998 0.0939759838835978 
0.8071037202594760 0.1016104852239916 
0.7943106865755779 0.1087589065939709 
0.7815576634183504 0.1159424999366028 
0.7694995645628405 0.1227887571611762 
0.7580137109505360 0.1293601715114743 
0.7464688479010608 0.1360157131631073 
0.7346914620816973 0.1428585518820754 
0.7231110101252343 0.1496406582360444 
0.7114331293282492 0.1565350455838461 
0.6996557608210916 0.1635457210217223 
0.6878635115982040 0.1706246256379441 
0.6761882309700064 0.1776933473636477 
0.6645224408929274 0.1848175413486151 
0.6531182648976172 0.1918426731770538 
0.6417189123286416 0.1989264001799628 
0.6301556526896763 0.2061765607582046 
0.6186917123263725 0.2134304148224586 
0.6070527073600878 0.2208641277927971 
0.5952907074401289 0.2284491543390512 
0.5837186260480494 0.2359851925204431 
0.5718099195109198 0.2438188580036436 
0.5597977850647412 0.2518036453812825 
0.5477449246833305 0.2599020843946890 
0.5358983848622485 0.2679491924311243 
0.5243791873792167 0.2758596908200647 
0.5130583608244608 0.2837190768808245 
0.5015577610829749 0.2917925719939313 
0.4903863537617681 0.2997240874042848 
0.4792824161333149 0.3076977422156498 
0.4681115693403201 0.3158132058126845 
0.4565110852969658 0.3243439593277043 
0.4452613886791351 0.3327209064573267 
0.4335894977255540 0.3415248693188551 
0.4221908607568530 0.3502378429326238 
0.4104299174344494 0.3593519550998019 
0.3988422258657962 0.3684604320663729 
0.3873453614643641 0.3776292411557552 
0.3760709997696933 0.3867537201338352 
0.3649517275457774 0.3958876532086317 
0.3539565130695131 0.4050575548260928 
0.3433501782813023 0.4140390983339430 
0.3327002477264751 0.4231982596017319 
0.3218077485999886 0.4327189862158390 
0.3111363954180257 0.4422039840425344 
0.3002213606553509 0.4520754060499314 
0.2894610378754188 0.4619841657763071 
0.2787590058839861 0.4720236692009949 
0.2681150550954809 0.4822017235491491 
0.2581541478893294 0.4919112795098408 
0.2478902702372308 0.5021141996027321 
0.2380323663809548 0.5121143921153741 
0.2287476107324039 0.5217243360441584 
0.2193414713573093 0.5316609440188586 
0.2103716877841209 0.5413370651730138 
0.2013001430146037 0.5513351551384946 
0.1925469044365988 0.5611983313197250 
0.1839047948484880 0.5711587766451502 
0.1749770831705225 0.5816973784799816 
0.1663671488563195 0.5921187073959940 
0.1576201418555921 0.6029859676842944 
0.1487596108350732 0.6143063251295521 
0.1400540169261945 0.6257620851300727 
0.1314955316026312 0.6373768738722974 
0.1230746684215673 0.6491800056701992 
0.1147321197605466 0.6612786989861149 
0.1066053546149212 0.6734952456473087 
0.0984601853550297 0.6862163398852223 
0.0902554349444884 0.6995745767341164 
0.0822554666294693 0.7131978615326156 
0.0745349263137227 0.7269891461613298 
0.0669565421585950 0.7412403776502371 
0.0596244390043627 0.7558188397841468 
0.0526253106665108 0.7705979279376322 
0.0463218535127169 0.7847748771339306 
0.0402758656471281 0.7993115208908943 
0.0346282901341399 0.8139132188087063 
0.0292153545756707 0.8290750030696011 
0.0241402510064542 0.8446286673596060 
0.0193572908852680 0.8608695184897927 
0.0150198919597646 0.8774443311806523 
0.0111199765850762 0.8945487004106948 
0.0077275208146902 0.9120936815997583 
0.0044270759070676 0.9334637248783445 
0.0017586376689031 0.9580638858631575 
0.0004323768107449 0.9792063276273595 
0.0000000000000032 1.0000000000000011 
